"latitude"	"longitude"	"altitude_m"	"date"	"doy"	"year"	"day"	"month"	"n_samples"	"site2"	"avg_T2M_MAX"	"sd_T2M_MAX"	"avg_T2M_MIN"	"sd_T2M_MIN"	"avg_T2M"	"sd_T2M"	"NASA_ELEV"	"avg_T2M_MAX_correct"	"avg_T2M_MIN_correct"	"avg_T2M_correct"
-54.93333	-67.61667	14.32563	2005-10-16	289	2005	16	10	13	"a1"	6.81653439153439	2.48876454604641	1.30804232804233	1.70651066528266	3.99910052910053	1.89471447859152	195.95	7.99709279653439	2.48860073304233	5.17965893410053
-54.81951	-35.82336	0	1993-06-08	159	1993	8	6	1	"b1"	0.281693121693122	1.63143450928801	-1.88653439153439	2.09603640099708	-0.767328042328042	1.82996963442705	50.96	0.612933121693122	-1.55529439153439	-0.436088042328042
-54.81951	-35.82336	0	1993-06-09	160	1993	9	6	2	"c1"	0.225529100529101	1.64335616364295	-1.97015873015873	2.11072026279853	-0.841402116402116	1.83856012517805	50.96	0.5567691005291	-1.63891873015873	-0.510162116402116
-54.81951	-35.82336	0	1993-06-14	165	1993	14	6	9	"d1"	-0.0357407407407407	1.78450123993006	-2.23582010582011	2.26724467079768	-1.12039682539683	2.00280681061017	50.96	0.295499259259259	-1.90458010582011	-0.789156825396826
-54.81951	-35.82336	0	1993-06-18	169	1993	18	6	3	"e1"	-0.0292328042328042	1.85061225621327	-2.23087301587302	2.41910170972109	-1.11404761904762	2.10439624912307	50.96	0.302007195767196	-1.89963301587302	-0.782807619047619
-54.81951	-35.82336	0	1993-06-21	172	1993	21	6	6	"f1"	-0.138121693121693	1.90990574739471	-2.32238095238095	2.46621826128899	-1.21851851851852	2.1400956685341	50.96	0.193118306878307	-1.99114095238095	-0.887278518518519
-54.81951	-35.82336	0	1993-06-23	174	1993	23	6	2	"g1"	-0.201746031746032	1.90341494562351	-2.36198412698413	2.47029643723401	-1.26386243386243	2.13588883519341	50.96	0.129493968253968	-2.03074412698413	-0.932622433862434
-54.48751	-37.07484	0	1993-06-08	159	1993	8	6	1	"h1"	-0.00470899470899471	1.69553291857045	-2.19706349206349	2.08958897159911	-1.0662962962963	1.85218103194737	97.53	0.629236005291005	-1.56311849206349	-0.432351296296296
-54.48751	-37.07484	0	1993-06-09	160	1993	9	6	18	"i1"	-0.0663227513227513	1.70440028783693	-2.27359788359788	2.0974341447873	-1.13989417989418	1.85554212928377	97.53	0.567622248677249	-1.63965288359788	-0.50594917989418
-54.48751	-37.07484	0	1993-06-14	165	1993	14	6	5	"j1"	-0.333068783068783	1.82028726579195	-2.55714285714286	2.23456765635714	-1.42634920634921	1.99761765398801	97.53	0.300876216931217	-1.92319785714286	-0.792404206349206
-54.48751	-37.07484	0	1993-06-18	169	1993	18	6	1	"k1"	-0.331481481481481	1.89509668179308	-2.59269841269841	2.37490451999562	-1.43367724867725	2.0995456048903	97.53	0.302463518518518	-1.95875341269841	-0.799732248677249
-54.48751	-37.07484	0	1993-06-23	174	1993	23	6	2	"l1"	-0.50462962962963	1.91134973775644	-2.76037037037037	2.39412319172529	-1.60835978835979	2.10901185145375	97.53	0.12931537037037	-2.12642537037037	-0.974414788359788
-54.45654	-36.29404	0	1993-06-08	159	1993	8	6	4	"m1"	-0.312301587301587	1.78755118835207	-2.68611111111111	2.16031212950939	-1.4465873015873	1.95047521762937	136.43	0.574493412698413	-1.79931611111111	-0.559792301587302
-54.45654	-36.29404	0	1993-06-09	160	1993	9	6	9	"n1"	-0.373306878306878	1.79634891012358	-2.76748677248677	2.16227316311331	-1.52380952380952	1.95144693259421	136.43	0.513488121693122	-1.88069177248677	-0.637014523809524
-54.45654	-36.29404	0	1993-06-21	172	1993	21	6	2	"o1"	-0.781402116402116	2.04547450078563	-3.22132275132275	2.48880780564375	-1.96785714285714	2.23290830104238	136.43	0.105392883597884	-2.33452775132275	-1.08106214285714
-54.45654	-36.29404	0	1993-06-22	173	1993	22	6	7	"p1"	-0.803915343915344	2.02203931338062	-3.21973544973545	2.49594683295889	-1.96568783068783	2.22472903673846	136.43	0.0828796560846561	-2.33294044973545	-1.07889283068783
-54.18333	-34.9	0	1993-06-02	153	1993	2	6	1	"q1"	1.1531746031746	1.18333497892636	-0.588280423280423	1.6221426887258	0.317539682539683	1.34197646303264	0	1.1531746031746	-0.588280423280423	0.317539682539683
-54.18333	-34.9	0	1993-06-14	165	1993	14	6	3	"r1"	0.594153439153439	1.39717181092097	-1.21063492063492	1.88478343964874	-0.284100529100529	1.61425163465914	0	0.594153439153439	-1.21063492063492	-0.284100529100529
-54	-37.96667	0	1989-07-03	184	1989	3	7	1	"s1"	0.253068783068783	1.50400018360555	-1.61970899470899	1.98229368258181	-0.651613756613757	1.67598018797162	13.18	0.338738783068783	-1.53403899470899	-0.565943756613757
-54	-37.96667	0	1993-06-09	160	1993	9	6	2	"t1"	0.814074074074074	1.36590321059194	-1.02783068783069	1.81723127287333	-0.0846825396825397	1.527545500809	13.18	0.899744074074074	-0.942160687830688	0.000987460317460317
-54	-37.96667	0	1993-06-18	169	1993	18	6	3	"u1"	0.509603174603175	1.52581746623086	-1.29079365079365	2.02238242382157	-0.366269841269841	1.72784777463108	13.18	0.595273174603175	-1.20512365079365	-0.280599841269841
-54	-37.96667	0	1993-06-23	174	1993	23	6	6	"v1"	0.375502645502646	1.52437868762395	-1.4462962962963	2.0203492717548	-0.529285714285714	1.7323588334118	13.18	0.461172645502645	-1.3606262962963	-0.443615714285714
-33.49045	-70.88527	495	2005-10-11	284	2005	11	10	1	"w1"	21.8372222222222	4.30823398411601	7.08060846560847	3.06305596265871	13.9206613756614	3.27801685804606	1154.13	26.1215672222222	11.3649534656085	18.2050063756614
-33.49045	-70.88527	495	2005-10-12	285	2005	12	10	1	"x1"	21.987380952381	4.22723383011756	7.19915343915344	2.9961628551162	14.0707671957672	3.20753302556882	1154.13	26.271725952381	11.4834984391534	18.3551121957672
-33.49045	-70.88527	495	2005-10-24	297	2005	24	10	3	"y1"	23.6536243386243	3.83306151390498	8.61534391534392	2.74618752138827	15.6765343915344	2.93514926712416	1154.13	27.9379693386243	12.8996889153439	19.9608793915344
-33.49045	-70.88527	495	2005-10-25	298	2005	25	10	7	"z1"	23.654708994709	3.86675136199144	8.61444444444444	2.81161230415838	15.698835978836	2.96008382553481	1154.13	27.939053994709	12.8987894444444	19.983180978836
-33.36115	-70.30525	2278	2005-10-22	295	2005	22	10	2	"a2"	8.34650793650794	3.62809731958975	-3.73410052910053	2.4494883048066	1.72867724867725	2.77616548451493	3232.94	14.5536179365079	2.47300947089947	7.93578724867725
-33.36115	-70.30525	2278	2005-10-23	296	2005	23	10	7	"b2"	8.55798941798942	3.62251252694111	-3.60912698412698	2.46354772748224	1.8897619047619	2.78545125068646	3232.94	14.7650994179894	2.59798301587302	8.0968719047619
-33.36025	-70.29162	2395	2005-10-22	295	2005	22	10	1	"c2"	8.34650793650794	3.62809731958975	-3.73410052910053	2.4494883048066	1.72867724867725	2.77616548451493	3232.94	13.7931179365079	1.71250947089947	7.17528724867725
-0.67827	-90.47451	864	1999-05-28	148	1999	28	5	3	"d2"	26.2206613756614	0.967882556744408	23.6160846560847	1.26217677038951	24.7490476190476	1.11834433462007	52.07	20.9431163756614	18.3385396560847	19.4715026190476
-0.64821	-91.11517	13.10643	1998-05-11	131	1998	11	5	11	"e2"	28.2107142857143	0.708990216928193	24.0298412698413	1.08229566222329	25.8288095238095	0.851155189878166	119.6	28.9029224907143	24.7220494748413	26.5210177288095
-0.64821	-91.11517	13.10643	1999-05-24	144	1999	24	5	9	"f2"	27.5093121693122	0.793611128813882	23.4035978835979	1.1140693049011	25.1599470899471	0.921510982333798	119.6	28.2015203743122	24.0958060885979	25.8521552949471
-0.38	-91.53	4.57201	1999-05-22	142	1999	22	5	9	"g2"	27.6254232804233	0.80110795670089	23.5189947089947	1.10915483630569	25.2720634920635	0.924607867955879	119.6	28.3731052154233	24.2666766439947	26.0197454270635
-0.38	-91.53	4.57201	1999-05-23	143	1999	23	5	4	"h2"	27.5642592592593	0.798049416764644	23.4624867724868	1.11084795965953	25.2148148148148	0.923309175189702	119.6	28.3119411942593	24.2101687074868	25.9624967498148
-0.26714	-91.46553	20.42164	1998-05-09	129	1998	9	5	5	"i2"	28.2951851851852	0.673011043609038	24.0941534391534	1.06892168960873	25.9109788359788	0.813593948852406	119.6	28.9398445251852	24.7388127791534	26.5556381759788
-0.26714	-91.46553	20.42164	1998-05-10	130	1998	10	5	15	"j2"	28.2539417989418	0.675027510431779	24.0613227513228	1.08002080074322	25.8708201058201	0.830838389273573	119.6	28.8986011389418	24.7059820913228	26.5154794458201
-0.17889	-90.64778	21.64084	1998-05-14	134	1998	14	5	1	"k2"	26.1062169312169	1.2532090269715	24.4553968253968	1.49902248473836	25.2231746031746	1.39607957188134	24.05	26.1218764712169	24.4710563653968	25.2388341431746
-0.17889	-90.64778	21.64084	1999-05-28	148	1999	28	5	8	"l2"	25.5400793650794	1.20717472470461	23.9242857142857	1.41899117706599	24.6735714285714	1.31889741605959	24.05	25.5557389050794	23.9399452542857	24.6892309685714
0.32196	-89.95523	12.19202	1998-05-07	127	1998	7	5	35	"m2"	25.0953174603175	1.71977946577111	24.5255291005291	1.73274451823225	24.8389417989418	1.72433570549672	0.78	25.0211393303175	24.4513509705291	24.7647636689418
0.32196	-89.95523	12.19202	1998-05-08	128	1998	8	5	17	"n2"	25.0874338624339	1.72254608516234	24.5197619047619	1.72893097908164	24.8310052910053	1.72483622256343	0.78	25.0132557324339	24.4455837747619	24.7568271610053
0.32196	-89.95523	12.19202	1999-05-20	140	1999	20	5	25	"o2"	24.815873015873	1.68935829945526	24.2642328042328	1.71562102768798	24.5651851851852	1.70216778390218	0.78	24.741694885873	24.1900546742328	24.4910070551852
0.32196	-89.95523	12.19202	1999-05-21	141	1999	21	5	32	"p2"	24.797619047619	1.67971187464139	24.2429100529101	1.71119763460367	24.5455026455026	1.69422999144706	0.78	24.723440917619	24.1687319229101	24.4713245155026
9.08143	-79.66948	78.33376	2002-08-07	219	2002	7	8	1	"q2"	28.399708994709	0.864716061690736	25.582619047619	0.584749390068341	26.8661375661376	0.629765568033481	81.48	28.420159554709	25.603069607619	26.8865881261376
9.08143	-79.66948	78.33376	2002-09-03	246	2002	3	9	2	"r2"	28.2522486772487	0.790598250167559	25.4750264550265	0.541496231805493	26.7438095238095	0.578661480929203	81.48	28.2726992372487	25.4954770150265	26.7642600838095
9.08143	-79.66948	78.33376	2002-09-05	248	2002	5	9	1	"s2"	28.2103174603175	0.814187788974724	25.4450264550265	0.558403488108462	26.7060317460317	0.603263115280075	81.48	28.2307680203175	25.4654770150265	26.7264823060317
9.08143	-79.66948	78.33376	2002-09-06	249	2002	6	9	4	"t2"	28.2197619047619	0.807915874253727	25.4326984126984	0.570473412271667	26.7020634920635	0.605867399934088	81.48	28.2402124647619	25.4531489726984	26.7225140520635
9.11661	-79.70074	36.88087	1989-07-03	184	1989	3	7	3	"u2"	28.3580158730159	0.877058642176419	24.8491005291005	0.686236602213279	26.3267989417989	0.651460767722943	92.24	28.7178502180159	25.2089348741005	26.6866332867989
9.11661	-79.70074	36.88087	1989-07-04	185	1989	4	7	2	"v2"	28.3266137566138	0.871028639143474	24.8293121693122	0.682749592266527	26.3090211640212	0.644044205426102	92.24	28.6864481016138	25.1891465143122	26.6688555090212
9.11661	-79.70074	36.88087	2002-08-08	220	2002	8	8	2	"w2"	28.173253968254	0.811999035715424	24.7325925925926	0.655946598192058	26.1777248677249	0.585079838543546	92.24	28.533088313254	25.0924269375926	26.5375592127249
9.11661	-79.70074	36.88087	2002-08-09	221	2002	9	8	4	"x2"	28.1628306878307	0.823379319884735	24.7235185185185	0.648584707650689	26.1704497354497	0.585662071892581	92.24	28.5226650328307	25.0833528635185	26.5302840804497
9.11661	-79.70074	36.88087	2002-08-15	227	2002	15	8	1	"y2"	28.1718783068783	0.808881348251633	24.6706878306878	0.629649435460442	26.1623544973545	0.575750011367607	92.24	28.5317126518783	25.0305221756878	26.5221888423545
9.11661	-79.70074	36.88087	2002-08-25	237	2002	25	8	2	"z2"	28.2359259259259	0.834525113019225	24.66	0.607062326647778	26.1737037037037	0.564909830167318	92.24	28.5957602709259	25.019834345	26.5335380487037
9.11661	-79.70074	36.88087	2002-08-27	239	2002	27	8	4	"a3"	28.2582010582011	0.818772414753136	24.6691005291005	0.589729277861315	26.178253968254	0.549152343227036	92.24	28.6180354032011	25.0289348741005	26.538088313254
9.11661	-79.70074	36.88087	2002-08-28	240	2002	28	8	1	"b3"	28.2421693121693	0.809749316357989	24.6577777777778	0.584734933562837	26.159126984127	0.540814818752586	92.24	28.6020036571693	25.0176121227778	26.518961329127
9.11661	-79.70074	36.88087	2002-08-29	241	2002	29	8	2	"c3"	28.2651851851852	0.796481714864915	24.6440476190476	0.584867318474695	26.1601058201058	0.52826776569627	92.24	28.6250195301852	25.0038819640476	26.5199401651058
9.11661	-79.70074	36.88087	2002-09-01	244	2002	1	9	1	"d3"	28.2456084656085	0.803611394487344	24.6282010582011	0.571796407720586	26.1449470899471	0.529895262514717	92.24	28.6054428106085	24.9880354032011	26.5047814349471
9.11661	-79.70074	36.88087	2002-09-02	245	2002	2	9	3	"e3"	28.2581216931217	0.795626584236648	24.6331216931217	0.57624485567562	26.1504497354497	0.525239426382345	92.24	28.6179560381217	24.9929560381217	26.5102840804497
9.11661	-79.70074	36.88087	2002-09-05	248	2002	5	9	2	"f3"	28.2237301587302	0.808571849792192	24.6029365079365	0.603867378057196	26.1106084656085	0.555780236449514	92.24	28.5835645037302	24.9627708529365	26.4704428106085
9.11661	-79.70074	36.88087	2002-09-10	253	2002	10	9	1	"g3"	28.2115343915344	0.844158441846912	24.5649470899471	0.629766174749711	26.0905026455026	0.568905609772991	92.24	28.5713687365344	24.9247814349471	26.4503369905026
9.11661	-79.70074	36.88087	2002-09-11	254	2002	11	9	2	"h3"	28.2033597883598	0.840578039506595	24.5528042328042	0.633506990854988	26.0847883597884	0.568980737598423	92.24	28.5631941333598	24.9126385778042	26.4446227047884
9.11661	-79.70074	36.88087	2002-09-23	266	2002	23	9	3	"i3"	28.2061904761905	0.876151026620136	24.3883862433862	0.611889961693599	26.009417989418	0.554821337069958	92.24	28.5660248211905	24.7482205883862	26.369252334418
9.11661	-79.70074	36.88087	2002-09-24	267	2002	24	9	4	"j3"	28.2157142857143	0.899206631073008	24.3958994708995	0.612058630406779	26.0182010582011	0.565669427415815	92.24	28.5755486307143	24.7557338158995	26.3780354032011
9.15289	-79.73932	63.70333	1994-03-31	90	1994	31	3	1	"k3"	31.5180158730159	0.834265845563415	24.6807936507936	0.680568029846176	27.3500529100529	0.563850909950482	92.24	31.7035042280159	24.8662820057937	27.5355412650529
9.15289	-79.73932	63.70333	2002-08-05	217	2002	5	8	2	"l3"	28.1433068783069	0.815025941235155	24.7322751322751	0.648185067446885	26.1674603174603	0.584391501309766	92.24	28.3287952333069	24.9177634872751	26.3529486724603
9.15289	-79.73932	63.70333	2002-08-12	224	2002	12	8	1	"m3"	28.1407142857143	0.818402576711034	24.7082275132275	0.630324560483491	26.1561375661376	0.578912272016359	92.24	28.3262026407143	24.8937158682275	26.3416259211376
9.15289	-79.73932	63.70333	2002-08-14	226	2002	14	8	2	"n3"	28.141746031746	0.820927610831546	24.6687830687831	0.633483150855762	26.1450264550265	0.579880738071035	92.24	28.327234386746	24.8542714237831	26.3305148100265
9.15289	-79.73932	63.70333	2002-08-18	230	2002	18	8	1	"o3"	28.2139947089947	0.797718676918804	24.6803703703704	0.641708900818988	26.172380952381	0.572641645324398	92.24	28.3994830639947	24.8658587253704	26.357869307381
9.15289	-79.73932	63.70333	2002-08-21	233	2002	21	8	1	"p3"	28.1998148148148	0.80291591771525	24.6691005291005	0.629805018414333	26.1603439153439	0.563270233732942	92.24	28.3853031698148	24.8545888841005	26.3458322703439
9.15289	-79.73932	63.70333	2002-08-23	235	2002	23	8	2	"q3"	28.221746031746	0.823690742516764	24.6611375661376	0.619008814202062	26.1664285714286	0.571002372795891	92.24	28.407234386746	24.8466259211376	26.3519169264286
9.15289	-79.73932	63.70333	2002-08-26	238	2002	26	8	3	"r3"	28.250873015873	0.834959316826477	24.6677513227513	0.601868418483647	26.1812962962963	0.563542378860181	92.24	28.436361370873	24.8532396777513	26.3667846512963
9.15289	-79.73932	63.70333	2002-09-16	259	2002	16	9	1	"s3"	28.1954497354497	0.841938796935428	24.4746031746032	0.634913454024484	26.0466931216931	0.562363726851958	92.24	28.3809380904497	24.6600915296032	26.2321814766931
9.15289	-79.73932	63.70333	2002-09-28	271	2002	28	9	1	"t3"	28.180291005291	0.929487277718973	24.4266137566138	0.612284207877428	26.0213756613757	0.581655655413945	92.24	28.365779360291	24.6121021116138	26.2068640163757
19.76	-155.53	575.15875	1993-02-22	53	1993	22	2	4	"u3"	22.5623015873016	1.76758905892111	16.9150264550265	1.12344233423143	19.2035185185185	1.18568161950803	635.57	22.9549747123016	17.3076995800265	19.5961916435185
19.76	-155.53	575.15875	1993-02-23	54	1993	23	2	2	"v3"	22.575291005291	1.76876736139939	16.9019312169312	1.15574529585471	19.2075661375661	1.20593796204169	635.57	22.967964130291	17.2946043419312	19.6002392625661
19.76	-155.53	575.15875	1993-02-24	55	1993	24	2	1	"w3"	22.6017195767196	1.74470124845291	16.9221693121693	1.16146370331667	19.2283333333333	1.20502402102476	635.57	22.9943927017196	17.3148424371693	19.6210064583333
19.76	-155.53	575.15875	1993-02-25	56	1993	25	2	1	"x3"	22.600582010582	1.74007368358093	16.9242328042328	1.17146310331242	19.2325925925926	1.20906375780972	635.57	22.993255135582	17.3169059292328	19.6252657175926
19.76	-155.53	575.15875	1993-03-05	64	1993	33	2	1	"y3"	22.8290740740741	1.89388950120495	17.0472486772487	1.21674255151586	19.4140740740741	1.30096202511255	635.57	23.2217471990741	17.4399218022487	19.8067471990741
19.8	-155.33333	1948.8951	1993-01-24	24	1993	24	1	4	"z3"	22.574126984127	1.73500514978311	17.125873015873	1.32263518200639	19.3384920634921	1.23507905273917	635.57	14.037513834127	8.58925986587302	10.8018789134921
19.8	-155.33333	1948.8951	1993-01-26	26	1993	26	1	6	"a4"	22.6083597883598	1.72516172545135	17.1155026455026	1.33653175071999	19.3436243386243	1.23377591551215	635.57	14.0717466383598	8.57888949550265	10.8070111886243
19.8	-155.33333	1948.8951	1993-01-28	28	1993	28	1	3	"b4"	22.6606613756614	1.68670895372571	17.080873015873	1.28922489400941	19.332380952381	1.17956006853661	635.57	14.1240482256614	8.54425986587302	10.795767802381
19.8	-155.33333	1948.8951	1993-01-29	29	1993	29	1	4	"c4"	22.6694708994709	1.68521602026563	17.0616402116402	1.28726983013161	19.3203174603175	1.18124890288612	635.57	14.1328577494709	8.52502706164021	10.7837043103175
19.8	-155.33333	1948.8951	1993-02-02	33	1993	2	2	3	"d4"	22.6503703703704	1.73734358351577	16.928544973545	1.36338078360449	19.2564814814815	1.26162816405016	635.57	14.1137572203704	8.39193182354497	10.7198683314815
19.8	-155.33333	1948.8951	1993-02-03	34	1993	3	2	3	"e4"	22.6084126984127	1.72647311306319	16.9091534391534	1.38439764559012	19.2262962962963	1.27578239874665	635.57	14.0717995484127	8.37254028915344	10.6896831462963
19.8	-155.33333	1948.8951	1993-03-04	63	1993	4	3	1	"f4"	22.7874603174603	1.89556998692852	17.017962962963	1.2158785140625	19.3824074074074	1.29775230013972	635.57	14.2508471674603	8.48134981296296	10.8457942574074
19.8211	-155.3306	1828.80366	1993-02-05	36	1993	5	2	6	"g4"	22.5360846560847	1.70982804701935	16.8422751322751	1.41842147420226	19.1595238095238	1.29373650690509	635.57	14.7800658660847	9.08625634227514	11.4035050195238
19.8211	-155.3306	1828.80366	1993-02-06	37	1993	6	2	2	"h4"	22.5001851851852	1.70265503937883	16.8238624338624	1.4343700369068	19.1316137566138	1.29677841550066	635.57	14.7441663951852	9.06784364386244	11.3755949666138
19.8211	-155.3306	1828.80366	1993-02-07	38	1993	7	2	5	"i4"	22.5091798941799	1.70914876804766	16.8286507936508	1.41562127207607	19.1361904761905	1.28462600145824	635.57	14.7531611041799	9.0726320036508	11.3801716861905
19.8211	-155.3306	1828.80366	1993-02-10	41	1993	10	2	4	"j4"	22.5382275132275	1.75278672581424	16.8690476190476	1.39258538365761	19.1729365079365	1.300276486081	635.57	14.7822087232275	9.11302882904762	11.4169177179365
19.8211	-155.3306	1828.80366	1993-02-13	44	1993	13	2	5	"k4"	22.5850264550265	1.74325395437122	16.8886507936508	1.34758513941427	19.2095767195767	1.27930283181028	635.57	14.8290076650265	9.13263200365079	11.4535579295767
19.8211	-155.3306	1828.80366	1993-02-14	45	1993	14	2	4	"l4"	22.5557142857143	1.7532920586198	16.8943121693122	1.29466039827214	19.1981746031746	1.25613913182596	635.57	14.7996954957143	9.13829337931217	11.4421558131746
19.8211	-155.3306	1828.80366	1993-02-15	46	1993	15	2	1	"m4"	22.557962962963	1.75546749649505	16.8938095238095	1.2613473431697	19.1991798941799	1.23708398228388	635.57	14.801944172963	9.13779073380952	11.4431611041799
19.8211	-155.3306	1828.80366	1993-02-26	57	1993	26	2	2	"n4"	22.635	1.73245785293657	16.9168253968254	1.18837538219557	19.2468783068783	1.21573166931803	635.57	14.87898121	9.1608066068254	11.4908595168783
19.8211	-155.3306	1828.80366	1993-02-27	58	1993	27	2	4	"o4"	22.6865873015873	1.74564733238678	16.9454497354497	1.19505965084794	19.2856349206349	1.22885629432125	635.57	14.9305685115873	9.18943094544974	11.5296161306349
19.8211	-155.3306	1828.80366	1993-02-28	59	1993	28	2	8	"p4"	22.7277513227513	1.74908008305354	16.9635978835979	1.1973854218603	19.3152645502646	1.22949173638033	635.57	14.9717325327513	9.20757909359789	11.5592457602646
19.8211	-155.3306	1828.80366	1993-03-04	63	1993	4	3	1	"q4"	22.7874603174603	1.89556998692852	17.017962962963	1.2158785140625	19.3824074074074	1.29775230013972	635.57	15.0314415274603	9.26194417296296	11.6263886174074
19.8211	-155.3306	1828.80366	1993-03-12	71	1993	12	3	2	"r4"	22.8904761904762	1.8467919810979	17.2203439153439	1.1340136172291	19.5224867724868	1.21689418822748	635.57	15.1344574004762	9.46432512534392	11.7664679824868
19.8211	-155.3306	1828.80366	1993-03-16	75	1993	16	3	1	"s4"	22.8074867724868	1.72878294875599	17.1878042328042	1.14017318884702	19.4641005291005	1.16150175380178	635.57	15.0514679824868	9.43178544280423	11.7080817391005
19.93333	-155.21667	473.96495	1993-01-25	25	1993	25	1	6	"t4"	23.3713492063492	1.15431977501187	21.6691798941799	0.919165873981278	22.4751851851852	0.933770254769558	116.8	21.0497770313492	19.3476077191799	20.1536130101852
19.93333	-155.21667	473.96495	1993-02-17	48	1993	17	2	5	"u4"	23.160873015873	1.11340781147545	21.4100793650794	0.822164926336723	22.2415079365079	0.858067102537289	116.8	20.839300840873	19.0885071900794	19.9199357615079
19.93333	-155.21667	473.96495	1993-02-18	49	1993	18	2	4	"v4"	23.1460317460317	1.08990745916639	21.412380952381	0.802085903214175	22.2323544973545	0.828634113881358	116.8	20.8244595710317	19.090808777381	19.9107823223545
19.93333	-155.21667	473.96495	1993-02-27	58	1993	27	2	1	"w4"	23.1749735449735	1.20854149524018	21.4098412698413	0.889151221762816	22.2414021164021	0.934278196089268	116.8	20.8534013699735	19.0882690948413	19.9198299414021
21.87248	-105.90331	0	1992-03-30	90	1992	30	3	10	"x4"	26.9936507936508	1.44930712605575	21.5907407407407	1.05525638026835	23.9441798941799	1.08015987097401	46.19	27.2938857936508	21.8909757407407	24.2444148941799
21.87248	-105.90331	0	1992-03-31	91	1992	31	3	10	"y4"	27.0460052910053	1.46859707499103	21.6259788359788	1.07209169585695	23.990873015873	1.0989039776077	46.19	27.3462402910053	21.9262138359788	24.291108015873
21.87248	-105.90331	0	1992-04-01	92	1992	1	4	14	"z4"	27.1048148148148	1.46106192716305	21.6750264550265	1.08148150882952	24.048835978836	1.09710625865819	46.19	27.4050498148148	21.9752614550265	24.349070978836
21.87248	-105.90331	0	1992-04-02	93	1992	2	4	10	"a5"	27.1771693121693	1.46794274128174	21.7329894179894	1.07882208330238	24.1136243386243	1.09492624735706	46.19	27.4774043121693	22.0332244179894	24.4138593386243
21.87248	-105.90331	0	1992-04-08	99	1992	8	4	2	"b5"	27.4969576719577	1.43795850842214	21.994708994709	0.980567174678416	24.4244444444444	1.06374411740008	46.19	27.7971926719577	22.294943994709	24.7246794444444
21.87248	-105.90331	0	1993-03-09	68	1993	9	3	1	"c5"	26.2845502645503	1.49963848300012	20.9624603174603	1.16931299050934	23.2662169312169	1.10831758920693	46.19	26.5847852645503	21.2626953174603	23.5664519312169
21.87248	-105.90331	0	1993-03-10	69	1993	10	3	6	"d5"	26.266455026455	1.51038425884867	20.9696296296296	1.13423825283142	23.2639947089947	1.10099191832455	46.19	26.566690026455	21.2698646296296	23.5642297089947
21.87248	-105.90331	0	1993-03-11	70	1993	11	3	8	"e5"	26.259417989418	1.50706265850218	20.972037037037	1.12343463919582	23.259417989418	1.11507832028301	46.19	26.559652989418	21.272272037037	23.559652989418
21.87248	-105.90331	0	1993-03-12	71	1993	12	3	8	"f5"	26.2701322751323	1.5192327511669	20.9620634920635	1.14557526173892	23.2604232804233	1.14251308958847	46.19	26.5703672751323	21.2622984920635	23.5606582804233
21.87248	-105.90331	0	1993-03-14	73	1993	14	3	3	"g5"	26.3338888888889	1.60384781299543	20.9696560846561	1.1881252147694	23.297962962963	1.19944917893262	46.19	26.6341238888889	21.2698910846561	23.598197962963
21.87248	-105.90331	0	1993-03-16	75	1993	16	3	4	"h5"	26.435	1.644405554797	21.038544973545	1.20092106532187	23.3814021164021	1.21866317687425	46.19	26.735235	21.338779973545	23.6816371164021
21.87248	-105.90331	0	1993-03-17	76	1993	17	3	3	"i5"	26.4589947089947	1.63333706507313	21.0607407407407	1.19741032745172	23.4052645502646	1.21435711074913	46.19	26.7592297089947	21.3609757407407	23.7054995502646
21.87248	-105.90331	0	1993-03-18	77	1993	18	3	5	"j5"	26.5011904761905	1.6148710144562	21.0628306878307	1.18576265753761	23.4293121693122	1.20233903466586	46.19	26.8014254761905	21.3630656878307	23.7295471693122
21.87248	-105.90331	0	1993-03-20	79	1993	20	3	7	"k5"	26.5782275132275	1.58063589966338	21.1221693121693	1.15753215624567	23.4947883597884	1.17568314479131	46.19	26.8784625132275	21.4224043121693	23.7950233597884
29	87.7	4789.94158	2005-04-23	113	2005	23	4	2	"l5"	9.46214285714286	2.65606965384248	-6.58621693121693	1.2313261814067	0.67984126984127	1.8022644101007	4789.91	9.46193758714286	-6.58642220121693	0.679635999841271
29	87.7	4789.94158	2005-04-24	114	2005	24	4	3	"m5"	9.60806878306878	2.68471065979582	-6.48941798941799	1.26803391326603	0.83973544973545	1.83833000961667	4789.91	9.60786351306878	-6.48962325941799	0.839530179735451
29	87.7	4789.94158	2005-04-25	115	2005	25	4	4	"n5"	9.79055555555555	2.7066707962537	-6.40878306878307	1.26721612656907	1.00910052910053	1.85393830870031	4789.91	9.79035028555556	-6.40898833878307	1.00889525910053
29	87.7	4789.94158	2005-04-26	116	2005	26	4	3	"o5"	9.99801587301587	2.67244005369553	-6.29161375661376	1.31578693824873	1.18743386243386	1.86938550084958	4789.91	9.99781060301587	-6.29181902661376	1.18722859243386
29	87.7	4789.94158	2005-04-27	117	2005	27	4	4	"p5"	10.1745502645503	2.62627085495148	-6.21328042328042	1.32063457565952	1.33055555555556	1.85355331801946	4789.91	10.1743449945503	-6.21348569328042	1.33035028555556
30.8667	34.7833	456	1989-08-02	214	1989	2	8	1	"q5"	37.0809788359788	2.21017092959174	20.7296825396825	1.32768836615576	28.0141534391534	1.55484950195878	271.1	35.8791288359788	19.5278325396825	26.8123034391534
30.8667	34.7833	456	1994-03-26	85	1994	26	3	11	"r5"	23.5489947089947	4.6477177360311	9.20664021164021	2.61951229240289	15.4330952380952	3.20737928939267	271.1	22.3471447089947	8.00479021164021	14.2312452380952
30.8667	34.7833	456	1994-03-28	87	1994	28	3	11	"s5"	23.8607142857143	4.75016060237857	9.49492063492064	2.62530768570331	15.7449470899471	3.25240994058195	271.1	22.6588642857143	8.29307063492064	14.5430970899471
30.8667	34.7833	456	1994-03-29	88	1994	29	3	8	"t5"	24.0070634920635	4.77621728633129	9.57256613756614	2.61403232870371	15.857671957672	3.259284372204	271.1	22.8052134920635	8.37071613756614	14.655821957672
30.8667	34.7833	456	1994-03-30	89	1994	30	3	7	"u5"	24.1765343915344	4.83338768347979	9.63833333333333	2.61357558164192	15.9691798941799	3.29939149030227	271.1	22.9746843915344	8.43648333333333	14.7673298941799
30.8667	34.7833	456	1994-03-31	90	1994	31	3	3	"v5"	24.4625396825397	4.70281341436777	9.7152380952381	2.64234012742414	16.1389682539683	3.26004519733158	271.1	23.2606896825397	8.5133880952381	14.9371182539683
30.8667	34.7833	456	1994-04-01	91	1994	1	4	1	"w5"	24.8384920634921	4.64074414379415	9.83896825396825	2.66866893654659	16.3885978835979	3.24044351226431	271.1	23.6366420634921	8.63711825396825	15.1867478835979
30.8667	34.7833	456	1997-01-01	1	1997	1	1	1	"x5"	17.3222058823529	3.36415259706214	6.57372549019608	2.59060957566636	11.0515196078431	2.41858081266616	271.1	16.1203558823529	5.37187549019608	9.84966960784314
31.725	-110.87944	1496.57099	1989-01-02	2	1989	2	1	1	"y5"	14.6543776824034	4.06000474284373	1.08965665236052	3.30841910140928	6.69188841201717	3.17189908924008	1396.28	14.0024862474034	0.437765217360515	6.03999697701717
31.725	-110.87944	1496.57099	1989-01-03	3	1989	3	1	1	"z5"	14.7724045801527	4.00738474694123	1.05599236641221	3.23464133513923	6.70660305343511	3.13009668776859	1396.28	14.1205131451527	0.404100931412214	6.05471161843511
31.725	-110.87944	1496.57099	1989-07-31	212	1989	31	7	2	"a6"	31.420291005291	3.59769432058577	19.3014285714286	1.45532847757578	25.1415608465608	2.20908972161491	1396.28	30.768399570291	18.6495371364286	24.4896694115608
31.725	-110.87944	1496.57099	1989-08-02	214	1989	2	8	7	"b6"	31.3135978835979	3.51684008866287	19.264417989418	1.44275572779088	25.0818518518519	2.17726272050968	1396.28	30.6617064485979	18.612526554418	24.4299604168519
31.9	-110.88333	914	1989-01-05	5	1989	5	1	5	"c6"	15.23709375	3.87032816652222	1.25496875	3.10637296168326	7.043875	2.94810591922539	1261.97	17.49889875	3.51677375	9.30568
31.9	-110.88333	914	1989-08-02	214	1989	2	8	1	"d6"	32.6590740740741	3.5789724737658	20.3873544973545	1.47904689585967	26.3615079365079	2.25309432994239	1261.97	34.9208790740741	22.6491594973545	28.6233129365079
31.9	-110.88333	914	1993-06-09	160	1993	9	6	1	"e6"	34.2038095238095	3.1764470226592	16.4321428571429	2.99397014008104	25.1979365079365	2.91298309843485	1261.97	36.4656145238095	18.6939478571429	27.4597415079365
32.58611	-110.94444	1054.61011	1989-01-02	2	1989	2	1	1	"f6"	17.8534334763949	3.9979552172388	4.37905579399142	3.34291401394535	9.99463519313305	3.03224282105261	738.22	15.7968977613949	2.32252007899142	7.93809947813305
32.58611	-110.94444	1054.61011	1989-01-03	3	1989	3	1	3	"g6"	17.9574809160305	3.95676990898652	4.34973282442748	3.29422964750324	10.0160687022901	2.97934463386987	738.22	15.9009452010305	2.29319710942748	7.95953298729007
32.58611	-110.94444	1054.61011	1989-01-05	5	1989	5	1	1	"h6"	18.183125	3.93125944985433	4.43809375	3.20157657929094	10.14559375	2.88346224273701	738.22	16.126589285	2.381558035	8.089058035
33.415	-111.548	524.86665	1989-01-02	2	1989	2	1	2	"i6"	15.7074678111588	4.192733145908	2.69154506437768	3.25634966177278	8.07098712446352	2.96821616649468	920.86	18.2814245861588	5.26550183937768	10.6449438994635
33.415	-111.548	524.86665	1989-07-31	212	1989	31	7	1	"j6"	35.8679100529101	3.71219027374579	23.0307142857143	1.57294626923369	29.427619047619	2.38206386738128	920.86	38.4418668279101	25.6046710607143	32.001575822619
33.415	-111.548	524.86665	1989-08-02	214	1989	2	8	1	"k6"	35.8592063492063	3.5994291331582	23.0038095238095	1.56588981516092	29.3854497354497	2.33247342762361	920.86	38.4331631242063	25.5777662988095	31.9594065104497
33.415	-111.548	524.86665	1989-08-04	216	1989	4	8	8	"l6"	35.8118783068783	3.5531498957176	22.9720105820106	1.56874569500306	29.3512169312169	2.32191373564714	920.86	38.3858350818783	25.5459673570106	31.9251737062169
33.46861	-111.60861	633.37567	1989-01-07	7	1989	7	1	3	"m6"	18.6836243386243	3.92472957207778	4.86603174603175	3.1223986085392	10.7151587301587	2.75276790555373	494.49	17.7808674836243	3.96327489103175	9.81240187515873
33.52837	-112.0763	340	1988-12-26	361	1988	26	12	11	"n6"	17.1453211009174	3.84531981536874	3.86058103975535	3.5006782820424	9.50125382262997	3.15296568247827	494.49	18.1495061009174	4.86476603975535	10.50543882263
33.52837	-112.0763	340	1988-12-27	362	1988	27	12	10	"o6"	17.1429530201342	3.83528040201694	3.845	3.5256949311412	9.47469798657718	3.15783671787564	494.49	18.1471380201342	4.849185	10.4788829865772
33.52837	-112.0763	340	1988-12-31	366	1988	31	12	10	"p6"	17.0925274725275	3.66805083000581	4.00582417582418	3.58771155179173	9.58532967032967	3.1499523193969	494.49	18.0967124725275	5.01000917582418	10.5895146703297
33.52837	-112.0763	340	1989-01-01	1	1989	1	1	11	"q6"	18.1600490196078	3.84002956905039	4.97004901960784	3.29609255118233	10.5671568627451	2.85302376192528	494.49	19.1642340196078	5.97423401960784	11.5713418627451
33.52837	-112.0763	340	1989-01-02	2	1989	2	1	1	"r6"	18.2501287553648	3.80592329645817	4.87914163090129	3.27172910385199	10.5592274678112	2.83325651928481	494.49	19.2543137553648	5.88332663090129	11.5634124678112
33.52837	-112.0763	340	1989-01-04	4	1989	4	1	1	"s6"	18.5249484536082	3.79694381376918	4.8292439862543	3.22557497343202	10.6483848797251	2.78174860715805	494.49	19.5291334536082	5.8334289862543	11.6525698797251
33.52837	-112.0763	340	1989-01-06	6	1989	6	1	4	"t6"	18.6423209169054	3.86644309948355	4.88277936962751	3.12226938355441	10.7147277936963	2.72008277169762	494.49	19.6465059169054	5.88696436962751	11.7189127936963
33.52837	-112.0763	340	1989-07-22	203	1989	22	7	6	"u6"	39.8933597883598	3.67943818261769	26.4026455026455	2.02421531084552	33.1707936507936	2.49290407381287	494.49	40.8975447883598	27.4068305026455	34.1749786507936
33.52837	-112.0763	340	1989-07-23	204	1989	23	7	5	"v6"	39.8087830687831	3.68147338174654	26.3538095238095	1.987780518739	33.1035978835979	2.45944005341359	494.49	40.8129680687831	27.3579945238095	34.1077828835979
33.52837	-112.0763	340	1989-07-24	205	1989	24	7	8	"w6"	39.6926984126984	3.69557971232256	26.2968518518519	1.94573324515028	32.9946825396825	2.45137119205411	494.49	40.6968834126984	27.3010368518519	33.9988675396825
33.52837	-112.0763	340	1989-07-25	206	1989	25	7	4	"x6"	39.5992592592593	3.65507887354892	26.2708465608466	1.88118939822411	32.9272486772487	2.38715802673951	494.49	40.6034442592593	27.2750315608466	33.9314336772487
33.52837	-112.0763	340	1989-07-26	207	1989	26	7	8	"y6"	39.4628835978836	3.7080110982462	26.2561375661376	1.80700432141988	32.8464814814815	2.38642159133555	494.49	40.4670685978836	27.2603225661376	33.8506664814815
33.52837	-112.0763	340	1989-07-27	208	1989	27	7	7	"z6"	39.393835978836	3.7071253843019	26.2495767195767	1.77227897483876	32.8163756613757	2.38404952431074	494.49	40.398020978836	27.2537617195767	33.8205606613757
33.52837	-112.0763	340	1989-07-29	210	1989	29	7	5	"a7"	39.4740211640212	3.57319800732494	26.2639153439153	1.67126788802904	32.8591534391534	2.27089083181643	494.49	40.4782061640212	27.2681003439153	33.8633384391534
33.52837	-112.0763	340	1989-07-30	211	1989	30	7	4	"b7"	39.4742592592593	3.66446591712971	26.287671957672	1.61562147860485	32.865582010582	2.31391862900111	494.49	40.4784442592593	27.291856957672	33.869767010582
33.52837	-112.0763	340	1989-08-01	213	1989	1	8	2	"c7"	39.4397619047619	3.64798948245677	26.2985185185185	1.6249508218393	32.8328571428571	2.33149552662627	494.49	40.4439469047619	27.3027035185185	33.8370421428571
33.52837	-112.0763	340	1989-08-06	218	1989	6	8	2	"d7"	39.3533333333333	3.53400037078233	26.289417989418	1.68225886409594	32.7867195767196	2.33813349819289	494.49	40.3575183333333	27.293602989418	33.7909045767196
33.52837	-112.0763	340	1990-05-13	133	1990	13	5	1	"e7"	33.7618253968254	4.36358880615115	16.364708994709	3.62613451303219	25.2112433862434	3.73879592938876	494.49	34.7660103968254	17.368893994709	26.2154283862434
33.52837	-112.0763	340	1990-05-21	141	1990	21	5	1	"f7"	35.0637037037037	3.93028033193212	17.852619047619	3.12890617710094	26.6414285714286	3.23109044037403	494.49	36.0678887037037	18.856804047619	27.6456135714286
33.52837	-112.0763	340	1990-06-17	168	1990	17	6	13	"g7"	39.9896560846561	3.02284855877035	22.0997619047619	2.76596023424612	31.2840740740741	2.62157510610297	494.49	40.9938410846561	23.1039469047619	32.2882590740741
33.52837	-112.0763	340	1990-06-18	169	1990	18	6	11	"h7"	40.2367195767196	2.94708250835884	22.3632010582011	2.82916622050295	31.543835978836	2.59833569351782	494.49	41.2409045767196	23.3673860582011	32.548020978836
33.52837	-112.0763	340	1990-06-19	170	1990	19	6	4	"i7"	40.477671957672	2.8810612505183	22.6224867724868	2.88079236007049	31.8100264550265	2.55918095513037	494.49	41.481856957672	23.6266717724868	32.8142114550265
33.52837	-112.0763	340	1990-06-20	171	1990	20	6	5	"j7"	40.6969576719577	2.84726775883675	22.9100793650794	2.92346370710068	32.0689947089947	2.53820035766975	494.49	41.7011426719577	23.9142643650794	33.0731797089947
33.52837	-112.0763	340	1990-06-21	172	1990	21	6	1	"k7"	40.8724603174603	2.78660961295728	23.1550264550265	2.90333634559239	32.2880423280423	2.48930484225478	494.49	41.8766453174603	24.1592114550265	33.2922273280423
33.52837	-112.0763	340	1990-06-24	175	1990	24	6	6	"l7"	41.2813756613757	2.49838732317357	23.8909788359788	2.81663867331195	32.8239417989418	2.23188815564518	494.49	42.2855606613757	24.8951638359788	33.8281267989418
33.52837	-112.0763	340	1990-06-25	176	1990	25	6	5	"m7"	41.3261111111111	2.48542893379977	24.1177513227513	2.76828485362937	32.9396560846561	2.19538837569467	494.49	42.3302961111111	25.1219363227513	33.9438410846561
33.52837	-112.0763	340	1990-06-26	177	1990	26	6	1	"n7"	41.3640211640212	2.5503353333529	24.2917989417989	2.78883972181105	33.0309788359788	2.22914819872044	494.49	42.3682061640212	25.2959839417989	34.0351638359788
33.52837	-112.0763	340	1991-12-29	363	1991	29	12	2	"o7"	17.15843866171	3.81653078785159	3.81349442379182	3.52777767941508	9.46557620817844	3.15669652785694	494.49	18.16262366171	4.81767942379182	10.4697612081784
33.52837	-112.0763	340	1992-01-01	1	1992	1	1	2	"p7"	18.1600490196078	3.84002956905039	4.97004901960784	3.29609255118233	10.5671568627451	2.85302376192528	494.49	19.1642340196078	5.97423401960784	11.5713418627451
33.52837	-112.0763	340	1992-01-02	2	1992	2	1	2	"q7"	18.2501287553648	3.80592329645817	4.87914163090129	3.27172910385199	10.5592274678112	2.83325651928481	494.49	19.2543137553648	5.88332663090129	11.5634124678112
33.5284	-112.0763	340	1989-08-04	216	1989	4	8	1	"r7"	39.3526984126984	3.53532714997424	26.2439947089947	1.6766966291428	32.7591005291005	2.30769597808455	494.49	40.3568834126984	27.2481797089947	33.7632855291005
33.5284	-112.0763	340	1989-08-06	218	1989	6	8	1	"s7"	39.3533333333333	3.53400037078233	26.289417989418	1.68225886409594	32.7867195767196	2.33813349819289	494.49	40.3575183333333	27.293602989418	33.7909045767196
34.91667	98.91667	4672.59335	2005-05-01	121	2005	1	5	2	"t7"	6.94037037037037	4.09896045181444	-6.67997354497354	2.33270047610803	-0.341137566137566	2.91993895999505	4409.85	5.23253859537037	-8.38780531997354	-2.04896934113756
35.1074	98.88107	4260	2000-09-07	251	2000	7	9	5	"u7"	12.0243650793651	3.01834228995998	-2.62365079365079	2.38361291090462	4.01425925925926	2.43989522462383	4409.85	12.9983900793651	-1.64962579365079	4.98828425925926
35.1074	98.88107	4260	2000-09-10	254	2000	10	9	4	"v7"	11.4127777777778	2.97157684088912	-2.93693121693122	2.37732147617689	3.49865079365079	2.4200355193399	4409.85	12.3868027777778	-1.96290621693121	4.4726757936508
35.1074	98.88107	4260	2000-09-11	255	2000	11	9	3	"w7"	11.1524338624339	2.92696362746722	-3.08899470899471	2.37214886408794	3.27465608465608	2.39978690769898	4409.85	12.1264588624339	-2.11496970899471	4.24868108465609
35.36482	99.72845	3992.88799	2000-09-11	255	2000	11	9	1	"x7"	15.5007407407407	3.09083903204231	0.231216931216931	2.63139434158636	7.18550264550265	2.25549135635978	3655.99	13.3109038057407	-1.95862000378307	4.99566571050264
35.36482	99.72845	3992.88799	2000-09-13	257	2000	13	9	3	"y7"	15.1014814814815	2.88290367657497	-0.193333333333333	2.64102905753773	6.7497619047619	2.1245695950899	3655.99	12.9116445464815	-2.38317026833334	4.5599249697619
35.995	139.08305	234	1993-06-19	170	1993	19	6	2	"z7"	25.913253968254	3.40209168676321	16.2767724867725	2.31010274693921	20.811455026455	2.46402933887822	264.11	26.108968968254	16.4724874867725	21.007170026455
35.995	139.08305	234	1993-06-20	171	1993	20	6	3	"a8"	26.0568518518519	3.41995003364608	16.482328042328	2.36018204537876	20.987671957672	2.51837341262539	264.11	26.2525668518519	16.678043042328	21.183386957672
35.995	139.08305	234	1993-06-21	172	1993	21	6	3	"b8"	26.3293121693122	3.4893894570438	16.7000529100529	2.38370084226522	21.2236507936508	2.60592233166807	264.11	26.5250271693122	16.8957679100529	21.4193657936508
35.995	139.08305	234	1993-06-24	175	1993	24	6	1	"c8"	26.521746031746	3.51142532579267	17.1581216931217	2.37030142035729	21.5413492063492	2.63703998309211	264.11	26.717461031746	17.3538366931217	21.7370642063492
35.995	139.08305	234	1993-07-03	184	1993	3	7	4	"d8"	27.6519047619048	3.48106641964231	18.2642328042328	2.5003530931092	22.6720899470899	2.75529856029148	264.11	27.8476197619048	18.4599478042328	22.8678049470899
35.995	139.08305	234	1993-07-04	185	1993	4	7	5	"e8"	27.7644973544974	3.43728200350379	18.377671957672	2.48147585466829	22.7950793650794	2.70749017432794	264.11	27.9602123544974	18.573386957672	22.9907943650794
36.76163	99.63657	3533	1989-07-03	184	1989	3	7	1	"f8"	19.2280952380952	2.7086259833532	4.72671957671958	2.32598636119259	11.8348148148148	1.89803502819837	3473.6	18.8419952380952	4.34061957671958	11.4487148148148
36.7624	99.63247	3562	2000-09-06	250	2000	6	9	14	"g8"	16.7369047619048	2.95318534072756	1.95706349206349	2.9015721707845	8.76044973544974	2.34754978283271	3473.6	16.1623047619048	1.38246349206349	8.18584973544974
36.7624	99.63247	3562	2000-09-07	251	2000	7	9	5	"h8"	16.4885185185185	2.94881164320192	1.73775132275132	2.93002928105897	8.50761904761905	2.37872157512053	3473.6	15.9139185185185	1.16315132275132	7.93301904761905
37.90853	-119.25571	3051	1988-06-21	173	1988	21	6	9	"i8"	20.1242328042328	4.17270772139049	4.39322751322751	3.53914159684663	12.0675661375661	3.51704540548006	2554.64	16.8978928042328	1.16688751322751	8.84122613756614
37.90853	-119.25571	3051	1988-06-22	174	1988	22	6	7	"j8"	20.2853174603175	3.99197145604126	4.5360582010582	3.45115865936273	12.2181216931217	3.39343435590805	2554.64	17.0589774603175	1.3097182010582	8.99178169312169
37.90853	-119.25571	3051	1988-06-23	175	1988	23	6	2	"k8"	20.4310052910053	3.99448068086281	4.64343915343915	3.39854225619017	12.3377248677249	3.38846414172429	2554.64	17.2046652910053	1.41709915343915	9.11138486772487
37.90853	-119.25571	3051	1988-06-24	176	1988	24	6	1	"l8"	20.6277777777778	3.94764172066442	4.83293650793651	3.40293080129443	12.5211375661376	3.37302814421433	2554.64	17.4014377777778	1.60659650793651	9.29479756613757
37.90853	-119.25571	3051	1988-07-18	200	1988	18	7	1	"m8"	23.4232804232804	3.49437005789678	7.97994708994709	3.68504771407617	15.3246825396825	3.22866965233133	2554.64	20.1969404232804	4.75360708994709	12.0983425396825
37.90853	-119.25571	3051	1988-07-19	201	1988	19	7	5	"n8"	23.4915608465608	3.50614805949788	8.02777777777778	3.7008005920482	15.3633862433862	3.23854302375827	2554.64	20.2652208465608	4.80143777777778	12.1370462433862
37.90853	-119.25571	3051	1988-07-21	203	1988	21	7	1	"o8"	23.6553968253968	3.44599571196577	8.17997354497355	3.64703793175926	15.4868253968254	3.18401677750909	2554.64	20.4290568253968	4.95363354497355	12.2604853968254
37.90853	-119.25571	3051	1989-07-11	192	1989	11	7	1	"p8"	23.2895238095238	3.4832020979078	7.39187830687831	3.59199262965064	15.0244708994709	3.20022858275929	2554.64	20.0631838095238	4.16553830687831	11.7981308994709
37.90853	-119.25571	3051	1989-07-12	193	1989	12	7	2	"q8"	23.3317989417989	3.51783684464888	7.55722222222222	3.64155124177973	15.1113227513228	3.23550730635978	2554.64	20.1054589417989	4.33088222222222	11.8849827513228
37.90853	-119.25571	3051	1989-07-20	201	1989	20	7	2	"r8"	23.4901587301587	3.50469461221239	8.02878306878307	3.7011905175559	15.3639153439153	3.23890442446183	2554.64	20.2638187301587	4.80244306878307	12.1375753439153
37.90853	-119.25571	3051	1989-07-21	202	1989	21	7	1	"s8"	23.5614021164021	3.49133423489219	8.10724867724868	3.71077945819102	15.4205026455026	3.23821102184661	2554.64	20.3350621164021	4.88090867724868	12.1941626455026
37.90853	-119.25571	3051	1989-07-22	203	1989	22	7	1	"t8"	23.653544973545	3.44427886441415	8.17124338624339	3.64359359862743	15.4834126984127	3.18189911162331	2554.64	20.427204973545	4.94490338624339	12.2570726984127
37.90853	-119.25571	3051	1989-07-23	204	1989	23	7	1	"u8"	23.7451587301587	3.37969331416548	8.22740740740741	3.56133355765934	15.5424867724868	3.11339250620646	2554.64	20.5188187301587	5.00106740740741	12.3161467724868
37.90853	-119.25571	3051	1989-07-31	212	1989	31	7	1	"v8"	24.2288624338624	2.71682663752637	8.40208994708995	3.0326411040805	15.7208465608466	2.56045737847832	2554.64	21.0025224338624	5.17574994708995	12.4945065608466
37.90853	-119.25571	3051	1989-08-01	213	1989	1	8	8	"w8"	24.1850793650794	2.79059335391132	8.3455291005291	3.14166530042486	15.6712433862434	2.63734348881721	2554.64	20.9587393650794	5.1191891005291	12.4449033862434
37.90853	-119.25571	3051	1989-08-03	215	1989	3	8	3	"x8"	24.006164021164	2.84638862720071	8.09134920634921	3.17104615522705	15.4792328042328	2.65062450852266	2554.64	20.779824021164	4.86500920634921	12.2528928042328
37.90853	-119.25571	3051	1989-08-04	216	1989	4	8	2	"y8"	23.9163227513228	2.9208540358495	7.97907407407407	3.19716360365822	15.3854497354497	2.6854478525107	2554.64	20.6899827513228	4.75273407407407	12.1591097354497
37.90853	-119.25571	3051	1989-08-05	217	1989	5	8	1	"z8"	23.8771428571429	2.92906070091032	7.89505291005291	3.22240368994322	15.3162169312169	2.71047818963306	2554.64	20.6508028571429	4.66871291005291	12.0898769312169
37.90853	-119.25571	3051	1989-08-10	222	1989	10	8	2	"a9"	23.6691534391534	2.96049261488913	7.6552380952381	3.28955973631885	15.0782010582011	2.76524372932031	2554.64	20.4428134391534	4.42889809523809	11.8518610582011
37.90853	-119.25571	3051	1989-08-11	223	1989	11	8	2	"b9"	23.6334391534392	2.99230708128388	7.59425925925926	3.27892743129748	15.0299470899471	2.7791359833893	2554.64	20.4070991534392	4.36791925925926	11.8036070899471
37.90853	-119.25571	3051	1989-08-12	224	1989	12	8	1	"c9"	23.5709259259259	3.03404946722442	7.52291005291005	3.2730786774875	14.9507142857143	2.79045099039956	2554.64	20.3445859259259	4.29657005291005	11.7243742857143
37.90853	-119.25571	3051	1990-06-20	171	1990	20	6	1	"d9"	19.814708994709	4.25777604056895	4.05216931216931	3.56514381954164	11.7524074074074	3.58008028200785	2554.64	16.588368994709	0.825829312169311	8.52606740740741
37.90853	-119.25571	3051	1990-06-21	172	1990	21	6	1	"e9"	19.9584391534392	4.25090365774484	4.20513227513228	3.54097434604191	11.8970634920635	3.56652742583696	2554.64	16.7320991534392	0.978792275132274	8.67072349206349
37.90853	-119.25571	3051	1990-07-25	206	1990	25	7	1	"f9"	23.9849470899471	3.04941584567366	8.35558201058201	3.35412455301366	15.6870899470899	2.85879498224492	2554.64	20.7586070899471	5.12924201058201	12.4607499470899
37.90853	-119.25571	3051	1991-06-07	158	1991	7	6	1	"g9"	16.4383862433862	4.78273007161741	1.67748677248677	3.76177497484406	8.90685185185185	3.99404947101722	2554.64	13.2120462433862	-1.54885322751323	5.68051185185185
37.90853	-119.25571	3051	1991-06-08	159	1991	8	6	2	"h9"	16.6133862433862	4.86261188441808	1.76777777777778	3.78085893057035	9.0318253968254	4.04457394007092	2554.64	13.3870462433862	-1.45856222222222	5.8054853968254
37.90853	-119.25571	3051	1991-06-21	172	1991	21	6	1	"i9"	19.9584391534392	4.25090365774484	4.20513227513228	3.54097434604191	11.8970634920635	3.56652742583696	2554.64	16.7320991534392	0.978792275132274	8.67072349206349
38.31867	-123.05857	12.80163	2001-11-07	311	2001	7	11	3	"j9"	17.4828571428571	3.14680449861157	9.43883597883598	2.18553836658283	12.7474867724868	2.0800116764324	172.69	18.5221315478571	10.478110383836	13.7867611774868
38.31867	-123.05857	12.80163	2001-11-08	312	2001	8	11	6	"k9"	17.2534920634921	3.15286959960897	9.35283068783069	2.21487272698039	12.6053968253968	2.09746695182432	172.69	18.2927664684921	10.3921050928307	13.6446712303968
38.31867	-123.05857	12.80163	2001-11-09	313	2001	9	11	1	"l9"	17.0311111111111	3.11983546007901	9.25783068783069	2.23963656413872	12.4590211640212	2.09286988233346	172.69	18.0703855161111	10.2971050928307	13.4982955690212
38.333	-123.046	28.95606	1997-05-21	141	1997	21	5	1	"m9"	19.2913227513228	3.35359862086668	10.0731216931217	1.9063756747473	14.3187301587302	2.36541201063217	172.69	20.2255933613228	11.0073923031217	15.2530007687302
38.333	-123.046	28.95606	2001-12-19	353	2001	19	12	7	"n9"	12.2444708994709	2.53324607193115	5.81801587301587	2.43358148917781	8.57616402116402	2.11901191742335	172.69	13.1787415094709	6.75228648301587	9.51043463116402
38.333	-123.046	28.95606	2001-12-20	354	2001	20	12	1	"o9"	12.2158465608466	2.55779216128279	5.73677248677249	2.35957267094695	8.51772486772487	2.09553057504417	172.69	13.1501171708466	6.67104309677249	9.45199547772487
38.333	-123.046	28.95606	2001-12-21	355	2001	21	12	6	"p9"	12.161746031746	2.54830699903362	5.69671957671958	2.38627670885708	8.47886243386243	2.08944906045848	172.69	13.096016641746	6.63099018671958	9.41313304386243
38.333	-123.046	28.95606	2002-03-10	69	2002	10	3	5	"q9"	14.1226984126984	2.97326596037725	7.30425925925926	2.20567669028108	10.3772222222222	2.16590152102125	172.69	15.0569690226984	8.23852986925926	11.3114928322222
38.333	-123.046	28.95606	2002-03-11	70	2002	11	3	2	"r9"	14.1613227513228	3.00684980100337	7.36074074074074	2.17628256802637	10.4234126984127	2.16778077039297	172.69	15.0955933613228	8.29501135074074	11.3576833084127
38.333	-123.046	28.95606	2002-03-15	74	2002	15	3	6	"s9"	14.4699206349206	3.07571349796042	7.53050264550265	2.17504425669011	10.6618783068783	2.21081172989592	172.69	15.4041912449206	8.46477325550265	11.5961489168783
38.333	-123.046	28.95606	2003-08-27	239	2003	27	8	1	"t9"	24.8756878306878	2.7517856614742	13.4548677248677	1.86403361966517	18.6811111111111	2.10955331949224	172.69	25.8099584406878	14.3891383348677	19.6153817211111
38.333	-123.046	28.95606	2003-08-28	240	2003	28	8	10	"u9"	24.8653968253968	2.74630564025531	13.509708994709	1.86129419906221	18.6935978835979	2.11328682041828	172.69	25.7996674353968	14.443979604709	19.6278684935979
38.333	-123.046	28.95606	2004-04-17	108	2004	17	4	1	"v9"	15.6403703703704	3.08927645900796	7.93949735449735	1.91207873916518	11.5283068783069	2.13030309819783	172.69	16.5746409803704	8.87376796449735	12.4625774883069
38.333	-123.046	28.95606	2004-04-18	109	2004	18	4	1	"w9"	15.6604497354497	3.0486358316149	7.9418253968254	1.90244742585956	11.5369841269841	2.12537777069922	172.69	16.5947203454497	8.8760960068254	12.4712547369841
38.52761	-121.78356	18	2001-11-09	313	2001	9	11	4	"x9"	20.3857936507937	4.05660015359086	7.9002380952381	2.79599025063068	13.1374603174603	2.86648943878486	67.69	20.7087786507937	8.2232230952381	13.4604453174603
38.52761	-121.78356	18	2001-11-10	314	2001	10	11	4	"y9"	20.0499206349206	3.97975969897543	7.78404761904762	2.80705000439418	12.910873015873	2.84331978602178	67.69	20.3729056349206	8.10703261904762	13.233858015873
42.512	-88.181	228.90526	1989-01-05	5	1989	5	1	1	"z9"	-2.34815625	6.24210202221657	-10.77734375	7.81894268485527	-6.43096875	6.84031952169597	238.39	-2.28650544	-10.71569294	-6.36931794
42.512	-88.181	228.90526	1989-07-31	212	1989	31	7	2	"a10"	28.084126984127	3.63585991926704	17.1620105820106	2.99328712791246	22.7059788359788	3.03471256284239	238.39	28.145777794127	17.2236613920106	22.7676296459788
42.512	-88.181	228.90526	1989-08-02	214	1989	2	8	1	"b10"	28.1252380952381	3.72608954694604	17.1390211640212	3.09955192185286	22.6935185185185	3.09144066077171	238.39	28.1868889052381	17.2006719740212	22.7551693285185
42.512	-88.181	228.90526	1989-08-04	216	1989	4	8	1	"c10"	28.1171957671958	3.80585881847829	17.1783597883598	3.16417461845859	22.6822486772487	3.13734711490902	238.39	28.1788465771958	17.2400105983598	22.7438994872487
46.695	-120.49083	348.0823	1991-06-02	153	1991	2	6	2	"d10"	20.5283068783069	4.73465762248208	7.41775132275132	3.25770646754918	14.0600793650794	3.81570922158791	738.85	23.0682969283069	9.95774137275132	16.6000694150794
46.695	-120.49083	348.0823	2000-05-21	142	2000	21	5	2	"e10"	19.4396825396825	4.74909628759188	6.23989417989418	3.23871417151832	12.9654232804233	3.77036510213299	738.85	21.9796725896825	8.77988422989418	15.5054133304233
46.84332	-122.31236	274.62535	1996-06-26	178	1996	26	6	2	"f10"	20.192962962963	4.116150593315	9.98497354497355	2.16580076879674	15.0776455026455	3.01763385291933	336.56	20.595538187963	10.3875487699735	15.4802207276455
46.84332	-122.31236	274.62535	1997-05-14	134	1997	14	5	5	"g10"	15.5948412698413	4.27870039035696	6.04791005291005	2.56617471145536	10.6880158730159	3.10652202256325	336.56	15.9974164948413	6.45048527791005	11.0905910980159
46.84332	-122.31236	274.62535	2000-05-02	123	2000	2	5	6	"h10"	14.2842063492063	4.45208889424883	4.90775132275132	2.54436517313888	9.43259259259259	3.1973810815304	336.56	14.6867815742063	5.31032654775132	9.83516781759259
46.85445	-124.11084	3.04801	2000-04-30	121	2000	30	4	2	"i10"	11.8670634920635	2.26561299196924	8.5534126984127	1.50858243016139	10.1706349206349	1.68515223565853	20.37	11.9796564270635	8.6660056334127	10.2832278556349
46.90361	-124.12639	3.04801	2005-06-15	166	2005	15	6	2	"j10"	14.5920634920635	1.83595333360435	11.5189682539683	1.14784320598012	13.0410846560847	1.34726705913243	20.37	14.7046564270635	11.6315611889683	13.1536775910847
46.90361	-124.12639	3.04801	2005-06-16	167	2005	16	6	3	"k10"	14.6228835978836	1.84250403141431	11.5665608465608	1.13527679128907	13.0892063492063	1.34858326477402	20.37	14.7354765328836	11.6791537815608	13.2017992842064
46.90361	-124.12639	3.04801	2005-07-06	187	2005	6	7	2	"l10"	15.7028835978836	1.42198982346311	12.5822222222222	1.03841765634107	14.1281216931217	1.08642133480362	20.37	15.8154765328836	12.6948151572222	14.2407146281217
47	-120.5	493.47219	1990-06-08	159	1990	8	6	6	"m10"	19.5417724867725	4.31994096642598	6.51833333333333	2.96722300041933	13.0522222222222	3.44797366138206	824.72	21.6948832517725	8.67144409833333	15.2053329872222
47.09194	-120.7075	522.73305	2000-06-13	165	2000	13	6	4	"n10"	20.2884920634921	4.15542170547524	6.86351851851852	2.7533993556316	13.6175132275132	3.23382129463071	824.72	22.2514072384921	8.82643369351852	15.5804284025132
47.09194	-120.7075	522.73305	2000-06-15	167	2000	15	6	2	"o10"	20.6775925925926	4.39848663064297	7.18878306878307	2.8128105205353	13.9521693121693	3.39728305438754	824.72	22.6405077675926	9.15169824378307	15.9150844871693
47.65267	-122.31167	18.89764	2005-05-03	123	2005	3	5	4	"p10"	15.5339417989418	3.785542169075	6.20656084656085	2.46474447543333	10.8578835978836	2.825551427076	110.01	16.1261721389418	6.79879118656085	11.4501139378836
47.65267	-122.31167	18.89764	2005-05-05	125	2005	5	5	3	"q10"	15.5993386243386	3.80302885525325	6.29161375661376	2.45698836354389	10.9539682539683	2.83948282716765	110.01	16.1915689643386	6.88384409661376	11.5461985939683
47.65267	-122.31167	18.89764	2005-05-06	126	2005	6	5	3	"r10"	15.7160846560847	3.91904084963952	6.37055555555556	2.47527185942726	11.0404497354497	2.89682842373602	110.01	16.3083149960847	6.96278589555556	11.6326800754497
47.65267	-122.31167	18.89764	2005-05-07	127	2005	7	5	1	"s10"	15.7257407407407	3.93358404029994	6.4587037037037	2.49917995293948	11.0945238095238	2.91854182382499	110.01	16.3179710807407	7.0509340437037	11.6867541495238
47.65267	-122.31167	18.89764	2005-05-08	128	2005	8	5	2	"t10"	15.8410582010582	3.88800596568171	6.54407407407407	2.55121936099588	11.2148941798942	2.91778996239182	110.01	16.4332885410582	7.13630441407407	11.8071245198942
47.65267	-122.31167	18.89764	2005-05-09	129	2005	9	5	2	"u10"	16.067962962963	3.97119453378323	6.6647619047619	2.55943877954469	11.4039682539683	2.96536659880402	110.01	16.660193302963	7.25699224476191	11.9961985939683
47.65267	-122.31167	18.89764	2005-05-10	130	2005	10	5	2	"v10"	16.2555291005291	4.01767657370215	6.80153439153439	2.60392598409485	11.5789417989418	3.01301252911143	110.01	16.8477594405291	7.39376473153439	12.1711721389418
47.65267	-122.31167	18.89764	2005-05-11	131	2005	11	5	3	"w10"	16.4148412698413	4.00799500748728	6.94179894179894	2.61319736505917	11.7306613756614	2.9989904290031	110.01	17.0070716098413	7.53402928179894	12.3228917156614
47.65267	-122.31167	18.89764	2005-05-12	132	2005	12	5	2	"x10"	16.5506878306878	3.95293377977403	7.12312169312169	2.62461603426607	11.879708994709	2.97740610766241	110.01	17.1429181706878	7.71535203312169	12.471939334709
47.65267	-122.31167	18.89764	2005-05-13	133	2005	13	5	1	"y10"	16.6837830687831	3.91993594998952	7.2481746031746	2.60627667208391	12.0062433862434	2.93862581140214	110.01	17.2760134087831	7.8404049431746	12.5984737262434
47.65267	-122.31167	18.89764	2005-05-14	134	2005	14	5	1	"z10"	16.7758465608466	3.8265236486514	7.39981481481481	2.54563874566687	12.1345238095238	2.83949680054996	110.01	17.3680769008466	7.99204515481482	12.7267541495238
47.65267	-122.31167	18.89764	2005-05-16	136	2005	16	5	2	"a11"	17.0440476190476	3.75008375048577	7.65960317460317	2.36096035425556	12.3832804232804	2.71145224836424	110.01	17.6362779590476	8.25183351460317	12.9755107632804
47.65267	-122.31167	18.89764	2005-05-17	137	2005	17	5	2	"b11"	17.242671957672	3.75961296660721	7.83833333333333	2.33902734891921	12.5732010582011	2.72809570427248	110.01	17.834902297672	8.43056367333333	13.1654313982011
47.65267	-122.31167	18.89764	2005-05-20	140	2005	20	5	2	"c11"	17.8262433862434	3.65083343764302	8.34386243386243	2.32995005743686	13.1461111111111	2.71139837038014	110.01	18.4184737262434	8.93609277386243	13.7383414511111
47.65267	-122.31167	18.89764	2005-05-22	142	2005	22	5	3	"d11"	17.9928835978836	3.72348463359973	8.61621693121693	2.30687698120141	13.3482010582011	2.73450317801167	110.01	18.5851139378836	9.20844727121693	13.9404313982011
47.65267	-122.31167	18.89764	2005-05-23	143	2005	23	5	3	"e11"	18.1236772486773	3.82464331952013	8.68108465608466	2.30858417419986	13.4489153439153	2.76165706574558	110.01	18.7159075886773	9.27331499608466	14.0411456839153
47.65267	-122.31167	18.89764	2005-05-24	144	2005	24	5	1	"f11"	18.2525132275132	3.78977687816799	8.80968253968254	2.3677090304338	13.5734920634921	2.76399328159089	110.01	18.8447435675132	9.40191287968254	14.1657224034921
47.65267	-122.31167	18.89764	2005-05-26	146	2005	26	5	1	"g11"	18.4138624338624	3.83001588075139	8.99230158730159	2.34982029767177	13.7677777777778	2.77982106046507	110.01	19.0060927738624	9.58453192730159	14.3600081177778
47.65267	-122.31167	18.89764	2005-05-29	149	2005	29	5	1	"h11"	18.8373015873016	3.8857213442342	9.37931216931217	2.39436042814183	14.1824338624339	2.82261225626105	110.01	19.4295319273016	9.97154250931217	14.7746642024339
47.65267	-122.31167	18.89764	2005-06-02	153	2005	2	6	2	"i11"	18.7013227513228	3.83433467287598	9.51716931216931	2.33244152721749	14.1910846560847	2.76555972111681	110.01	19.2935530913228	10.1093996521693	14.7833149960847
47.65267	-122.31167	18.89764	2005-06-05	156	2005	5	6	1	"j11"	18.7462698412698	3.57423132300285	9.5302380952381	2.24682344500578	14.2316402116402	2.64101267806493	110.01	19.3385001812698	10.1224684352381	14.8238705516402
47.65267	-122.31167	18.89764	2005-06-09	160	2005	9	6	1	"k11"	18.843253968254	3.54937110939376	9.73798941798942	2.12266740252553	14.3701322751323	2.57104531032845	110.01	19.435484308254	10.3302197579894	14.9623626151323
47.65267	-122.31167	18.89764	2005-06-10	161	2005	10	6	1	"l11"	18.7983068783069	3.46912288213583	9.75433862433862	2.0757331545893	14.3700529100529	2.51088590099255	110.01	19.3905372183069	10.3465689643386	14.9622832500529
47.65267	-122.31167	18.89764	2005-06-22	173	2005	22	6	1	"m11"	20.4550793650794	3.72174463795988	10.7997354497354	2.0733188028399	15.7687037037037	2.66082766925076	110.01	21.0473097050794	11.3919657897354	16.3609340437037
47.65267	-122.31167	18.89764	2005-06-23	174	2005	23	6	1	"n11"	20.6812962962963	3.81982232731326	10.9539682539683	2.07492650959249	15.9536772486772	2.71779019135078	110.01	21.2735266362963	11.5461985939683	16.5459075886772
47.65267	-122.31167	18.89764	2005-06-29	180	2005	29	6	1	"o11"	21.1697883597884	3.46661584535705	11.5409788359788	2.01893748997098	16.4562433862434	2.52531956409842	110.01	21.7620186997884	12.1332091759788	17.0484737262434
47.65267	-122.31167	18.89764	2005-07-05	186	2005	5	7	2	"p11"	21.4485714285714	3.38362040992172	11.7805026455026	1.9446940698197	16.7329894179894	2.43444268752146	110.01	22.0408017685714	12.3727329855026	17.3252197579894
47.65267	-122.31167	18.89764	2005-07-07	188	2005	7	7	2	"q11"	21.6650529100529	3.20461713034494	11.9162433862434	1.87557613826268	16.9130952380952	2.30954304307773	110.01	22.2572832500529	12.5084737262434	17.5053255780952
47.70972	-122.37056	43.58649	1990-05-06	126	1990	6	5	1	"r11"	15.7160846560847	3.91904084963952	6.37055555555556	2.47527185942726	11.0404497354497	2.89682842373602	110.01	16.1478374710847	6.80230837055556	11.4722025504497
47.70972	-122.37056	43.58649	1990-05-12	132	1990	12	5	5	"s11"	16.5506878306878	3.95293377977403	7.12312169312169	2.62461603426607	11.879708994709	2.97740610766241	110.01	16.9824406456878	7.55487450812169	12.311461809709
47.70972	-122.37056	43.58649	1990-05-13	133	1990	13	5	4	"t11"	16.6837830687831	3.91993594998952	7.2481746031746	2.60627667208391	12.0062433862434	2.93862581140214	110.01	17.1155358837831	7.6799274181746	12.4379962012434
47.70972	-122.37056	43.58649	1990-05-21	141	1990	21	5	1	"u11"	17.9310052910053	3.68411790204281	8.5044708994709	2.29859012501389	13.2674338624339	2.71387241355348	110.01	18.3627581060053	8.9362237144709	13.6991866774339
47.70972	-122.37056	43.58649	1990-05-26	146	1990	26	5	3	"v11"	18.4138624338624	3.83001588075139	8.99230158730159	2.34982029767177	13.7677777777778	2.77982106046507	110.01	18.8456152488624	9.42405440230159	14.1995305927778
47.70972	-122.37056	43.58649	1990-05-28	148	1990	28	5	1	"w11"	18.797671957672	3.88752597757498	9.22198412698413	2.38036208149195	14.0821428571429	2.82529159279396	110.01	19.229424772672	9.65373694198413	14.5138956721429
47.70972	-122.37056	43.58649	1990-06-21	172	1990	21	6	1	"x11"	20.3030423280423	3.71152731591339	10.6840211640212	2.09171492333583	15.6221164021164	2.65426002959714	110.01	20.7347951430423	11.1157739790212	16.0538692171164
47.70972	-122.37056	43.58649	1991-01-01	1	1991	1	1	1	"y11"	6.40691176470588	3.48635634489717	1.04470588235294	3.96332750825606	3.47514705882353	3.76781083660455	110.01	6.83866457970588	1.47645869735294	3.90689987382353
47.70972	-122.37056	43.58649	1991-02-09	40	1991	9	2	6	"z11"	8.42201058201058	3.25467379580951	1.47542328042328	3.45327345655054	4.45240740740741	3.10394645233081	110.01	8.85376339701058	1.90717609542328	4.88416022240741
47.70972	-122.37056	43.58649	1991-02-10	41	1991	10	2	1	"a12"	8.44912698412698	3.15896274984682	1.57248677248677	3.29448082087829	4.52126984126984	2.98363200171997	110.01	8.88087979912698	2.00423958748677	4.95302265626984
47.70972	-122.37056	43.58649	1991-02-16	47	1991	16	2	6	"b12"	8.73941798941799	2.92668236863695	1.8844708994709	3.02080712956074	4.9055291005291	2.75395435209472	110.01	9.17117080441799	2.3162237144709	5.3372819155291
47.70972	-122.37056	43.58649	1991-02-17	48	1991	17	2	1	"c12"	8.82354497354497	2.97031781638476	1.89526455026455	2.94175231686035	4.96380952380952	2.71628789560171	110.01	9.25529778854497	2.32701736526455	5.39556233880952
47.70972	-122.37056	43.58649	1992-07-03	185	1992	3	7	1	"d12"	21.3656084656085	3.35635661616705	11.6984920634921	1.90992538112757	16.6669576719577	2.41690794928952	110.01	21.7973612806085	12.1302448784921	17.0987104869577
47.70972	-122.37056	43.58649	1992-07-07	189	1992	7	7	3	"e12"	21.7454232804233	3.20244368823663	11.9806878306878	1.87525603639252	16.9817724867725	2.31212793260832	110.01	22.1771760954233	12.4124406456878	17.4135253017725
47.70972	-122.37056	43.58649	1993-02-28	59	1993	28	2	1	"f12"	9.95917989417989	3.14559674803355	2.31899470899471	2.75020463091536	5.68719576719577	2.56385621548265	110.01	10.3909327091799	2.75074752399471	6.11894858219577
47.70972	-122.37056	43.58649	1994-03-31	90	1994	31	3	1	"g12"	11.8419576719577	3.40666718410287	3.49375661375661	2.21359164536647	7.43240740740741	2.39880347564073	110.01	12.2737104869577	3.92550942875661	7.86416022240741
47.70972	-122.37056	43.58649	1996-01-04	4	1996	4	1	3	"h12"	6.51563573883162	3.2925213886082	1.27807560137457	3.77024197629038	3.66429553264605	3.55801888434067	110.01	6.94738855383162	1.70982841637457	4.09604834764605
47.70972	-122.37056	43.58649	1996-01-07	7	1996	7	1	2	"i12"	6.59775132275132	3.24540270176388	1.36410052910053	3.7535905159927	3.72904761904762	3.52238015485071	110.01	7.02950413775132	1.79585334410053	4.16080043404762
47.70972	-122.37056	43.58649	1996-12-12	347	1996	12	12	1	"j12"	6.7610582010582	2.94765598405193	1.42526455026455	3.25993882204275	3.7907671957672	3.11503595677023	110.01	7.1928110160582	1.85701736526455	4.2225200107672
47.70972	-122.37056	43.58649	1996-12-14	349	1996	14	12	2	"k12"	6.52296296296296	3.34990901395958	1.1707671957672	3.70409389884232	3.56029100529101	3.50833266072751	110.01	6.95471577796296	1.6025200107672	3.99204382029101
47.70972	-122.37056	43.58649	1996-12-21	356	1996	21	12	1	"l12"	5.80526455026455	3.50809266137725	0.408201058201058	3.90045205049301	2.76373015873016	3.61230898937021	110.01	6.23701736526455	0.839953873201058	3.19548297373016
47.70972	-122.37056	43.58649	1996-12-22	357	1996	22	12	1	"m12"	5.67010582010582	3.50121388414253	0.262195767195767	3.93042808445731	2.63330687830688	3.61342265076423	110.01	6.10185863510582	0.693948582195767	3.06505969330688
47.70972	-122.37056	43.58649	1997-01-01	1	1997	1	1	5	"n12"	6.40691176470588	3.48635634489717	1.04470588235294	3.96332750825606	3.47514705882353	3.76781083660455	110.01	6.83866457970588	1.47645869735294	3.90689987382353
47.70972	-122.37056	43.58649	1997-01-02	2	1997	2	1	4	"o12"	6.42781115879828	3.38448589261187	1.12682403433476	3.84367687751328	3.53965665236051	3.6462305598244	110.01	6.85956397379828	1.55857684933476	3.97140946736051
47.70972	-122.37056	43.58649	1997-01-04	4	1997	4	1	2	"p12"	6.51563573883162	3.2925213886082	1.27807560137457	3.77024197629038	3.66429553264605	3.55801888434067	110.01	6.94738855383162	1.70982841637457	4.09604834764605
47.70972	-122.37056	43.58649	1997-12-22	356	1997	22	12	1	"q12"	5.80949735449735	3.50941424469124	0.415767195767196	3.90398640972314	2.76917989417989	3.61388717211138	110.01	6.24125016949735	0.847520010767196	3.20093270917989
47.742	-122.984	34.13767	1996-01-04	4	1996	4	1	2	"r12"	3.57635738831615	3.2936607549025	-1.1646735395189	4.29674658156139	1.10841924398625	3.6830478724183	504.55	6.63403753331615	1.8930066054811	4.16609938898625
47.742	-122.984	34.13767	1996-01-07	7	1996	7	1	1	"s12"	3.66936507936508	3.26351873029224	-1.0855291005291	4.29341904160195	1.19730158730159	3.65432168395337	504.55	6.72704522436508	1.9721510444709	4.25498173230159
47.742	-122.984	34.13767	1996-06-01	153	1996	1	6	1	"t12"	16.9716666666667	4.57471358411189	6.74849206349206	2.72713500937399	11.8972222222222	3.29803662489268	504.55	20.0293468116667	9.80617220849206	14.9549023672222
47.742	-122.984	34.13767	1996-06-19	171	1996	19	6	15	"u12"	18.9892328042328	4.5585793652132	7.94190476190476	2.44459389941984	13.4884920634921	3.1615853393554	504.55	22.0469129492328	10.9995849069048	16.5461722084921
47.742	-122.984	34.13767	1996-06-21	173	1996	21	6	13	"v12"	19.2932275132275	4.55627991213837	8.14071428571429	2.41033116094422	13.7501587301587	3.15181493353725	504.55	22.3509076582275	11.1983944307143	16.8078388751587
47.742	-122.984	34.13767	1996-07-05	187	1996	5	7	10	"w12"	20.1885185185185	4.21080521492168	9.13174603174603	2.47216968227943	14.7165343915344	2.97233546952164	504.55	23.2461986635185	12.189426176746	17.7742145365344
47.742	-122.984	34.13767	1996-09-05	249	1996	5	9	4	"x12"	20.323835978836	4.27359846814425	8.7721164021164	2.50779353221267	14.1063492063492	2.92392715907521	504.55	23.381516123836	11.8297965471164	17.1640293513492
47.742	-122.984	34.13767	1996-09-12	256	1996	12	9	3	"y12"	19.0585978835979	4.24419502350625	8.07058201058201	2.50397205514321	13.0745502645503	2.85741762323852	504.55	22.1162780285979	11.128262155582	16.1322304095503
47.742	-122.984	34.13767	1996-12-12	347	1996	12	12	1	"z12"	3.91920634920635	3.02866664550834	-1.05664021164021	3.45033225366194	1.26433862433862	3.00963954619598	504.55	6.97688649420635	2.00103993335979	4.32201876933862
47.742	-122.984	34.13767	1996-12-14	349	1996	14	12	1	"a13"	3.68526455026455	3.35848165119977	-1.33283068783069	3.94972814803828	1.01185185185185	3.44995786838677	504.55	6.74294469526455	1.72484945716931	4.06953199685185
47.742	-122.984	34.13767	1996-12-22	357	1996	22	12	1	"b13"	3.05978835978836	3.55700884050478	-2.02722222222222	4.37301884914707	0.363333333333333	3.78067457806831	504.55	6.11746850478836	1.03045792277778	3.42101347833333
47.742	-122.984	34.13767	1997-01-07	7	1997	7	1	4	"c13"	3.66936507936508	3.26351873029224	-1.0855291005291	4.29341904160195	1.19730158730159	3.65432168395337	504.55	6.72704522436508	1.9721510444709	4.25498173230159
47.742	-122.984	34.13767	1997-04-08	98	1997	8	4	3	"d13"	9.89835978835979	4.14490124383409	1.49164021164021	2.54024622496946	5.48968253968254	2.80711598695238	504.55	12.9560399333598	4.54932035664021	8.54736268468254
47.742	-122.984	34.13767	1997-04-10	100	1997	10	4	13	"e13"	10.2735714285714	4.19318939993065	1.74822751322751	2.61397048138333	5.83571428571429	2.90971283785658	504.55	13.3312515735714	4.80590765822751	8.89339443071428
47.742	-122.984	34.13767	1997-05-06	126	1997	6	5	7	"f13"	13.6119576719577	4.55850124030753	3.4565873015873	2.81128339327288	8.50312169312169	3.38324797894099	504.55	16.6696378169577	6.5142674465873	11.5608018381217
47.742	-122.984	34.13767	1997-05-08	128	1997	8	5	9	"g13"	13.7928042328042	4.48200387033178	3.65492063492063	2.88656857018768	8.70925925925926	3.36879878968624	504.55	16.8504843778042	6.71260077992063	11.7669394042593
48.33333	-122.45	3.04801	2000-05-09	130	2000	9	5	1	"h13"	14.9022486772487	3.93188624108031	6.92126984126984	2.19013655235786	10.9291798941799	2.78674346028493	131.37	15.7363416122487	7.75536277626984	11.7632728291799
48.33333	-122.45	3.04801	2000-05-11	132	2000	11	5	4	"i13"	15.1684656084656	3.9896542965495	7.12896825396825	2.17707314387702	11.1816402116402	2.78975787958519	131.37	16.0025585434656	7.96306118896825	12.0157331466402
48.35	-122.65	60.96012	1990-05-21	141	1990	21	5	3	"j13"	16.495	3.77868293125531	8.39320105820106	2.05579405474932	12.5163227513228	2.6421473606512	131.37	16.95266422	8.85086527820106	12.9739869713228
48.5459	-123.0132	1.2192	1990-07-24	205	1990	24	7	7	"k13"	21.7156084656085	3.35821116887879	13.7587037037037	1.86720849021417	17.6536772486772	2.41788286099793	52.13	22.0465286656085	14.0896239037037	17.9845974486772
48.5459	-123.0132	1.2192	1990-07-25	206	1990	25	7	2	"l13"	21.7054232804233	3.33809209563279	13.7489417989418	1.85028722174956	17.6347883597884	2.40003284298305	52.13	22.0363434804233	14.0798619989418	17.9657085597884
48.5459	-123.0132	1.2192	2001-11-09	313	2001	9	11	1	"m13"	10.1744973544974	2.05139013130493	6.58351851851852	2.06388897952756	8.28441798941799	1.96141095884821	52.13	10.5054175544974	6.91443871851852	8.61533818941799
48.57486	-122.96153	45.72009	1996-07-01	183	1996	1	7	3	"n13"	18.9161375661376	2.87760619313624	12.2266666666667	1.57555430017031	15.5932275132275	1.99520769508062	52.13	18.9578019811376	12.2683310816667	15.6348919282275
48.57486	-122.96153	45.72009	1996-07-02	184	1996	2	7	5	"o13"	18.9989153439153	2.84441304275611	12.2658201058201	1.53281350142531	15.6571164021164	1.96765958329978	52.13	19.0405797589153	12.3074845208201	15.6987808171164
48.72	-120.66	1981.20396	1990-07-05	186	1990	5	7	8	"p13"	17.5354761904762	4.30136211979862	5.40042328042328	3.10135673753631	11.4862169312169	3.55275411163645	1410.48	13.8257704504762	1.69071754042328	7.77651119121693
48.72	-120.66	1981.20396	1990-07-14	195	1990	14	7	2	"q13"	19.0438624338624	4.11572586133245	6.49873015873016	2.78307540825856	12.785291005291	3.36376707876514	1410.48	15.3341566938624	2.78902441873016	9.07558526529101
48.72	-120.66	1981.20396	1990-07-15	196	1990	15	7	1	"r13"	19.2690476190476	4.1426005931201	6.65928571428571	2.80171598949467	12.9824603174603	3.39095012306992	1410.48	15.5593418790476	2.94957997428571	9.27275457746032
57.56667	12.53333	80	1994-06-18	169	1994	18	6	15	"s13"	17.1226455026455	3.04198959154355	9.74137566137566	2.03905975409878	13.7098412698413	2.34352496435552	104.63	17.2827405026455	9.90147066137566	13.8699362698413
57.71667	16.53333	35	1991-06-19	170	1991	19	6	1	"t13"	18.1881746031746	3.10574518558136	9.96661375661376	2.12595771247876	14.3188095238095	2.42176895925366	84.25	18.5082996031746	10.2867387566138	14.6389345238095
57.71667	16.53333	35	1991-06-25	176	1991	25	6	1	"u13"	19.0915079365079	3.05608851809643	10.7955555555556	2.01191090746035	15.1669841269841	2.36887160565901	84.25	19.4116329365079	11.1156805555556	15.4871091269841
57.71667	16.53333	35	1994-06-16	167	1994	16	6	12	"v13"	18.057037037037	3.27066183873327	9.7231746031746	2.28357193241069	14.1248148148148	2.55394314001554	84.25	18.377162037037	10.0432996031746	14.4449398148148
57.71667	16.53333	35	1994-06-17	168	1994	17	6	5	"w13"	18.0911375661376	3.20634169802185	9.80126984126984	2.19491647453282	14.1794973544974	2.49458628927421	84.25	18.4112625661376	10.1213948412698	14.4996223544974
57.71667	16.53333	35	1994-06-19	170	1994	19	6	4	"x13"	18.1881746031746	3.10574518558136	9.96661375661376	2.12595771247876	14.3188095238095	2.42176895925366	84.25	18.5082996031746	10.2867387566138	14.6389345238095
57.71667	16.53333	35	1994-06-20	171	1994	20	6	6	"y13"	18.3031481481481	3.06063322521127	10.0696031746032	2.07722731469451	14.4210052910053	2.39404944116916	84.25	18.6232731481482	10.3897281746032	14.7411302910053
57.71667	16.53333	35	1994-06-21	172	1994	21	6	6	"z13"	18.4215343915344	3.05004079202748	10.1957142857143	2.04996697724768	14.5489153439153	2.38661422681073	84.25	18.7416593915344	10.5158392857143	14.8690403439153
57.71667	16.53333	35	1994-06-22	173	1994	22	6	4	"a14"	18.587619047619	3.08171292112526	10.3443386243386	2.04527551901691	14.7066402116402	2.39672722978138	84.25	18.907744047619	10.6644636243386	15.0267652116402
64.83333	-147.66667	136	1992-02-10	41	1992	10	2	11	"b14"	-14.5739682539683	8.9964054194516	-21.8077777777778	9.23882548676451	-17.9971957671958	9.08595112056449	366.64	-13.0748082539683	-20.3086177777778	-16.4980357671958
64.83333	-147.66667	136	1992-05-15	136	1992	15	5	18	"c14"	11.4046825396825	4.38860636353626	1.38888888888889	3.34150894825707	6.93201058201058	3.72601125502417	366.64	12.9038425396825	2.88804888888889	8.43117058201058
64.83333	-147.66667	136	1992-05-16	137	1992	16	5	30	"d14"	11.7100529100529	4.27837055888137	1.66933862433862	3.30213223239998	7.2373544973545	3.64508759013837	366.64	13.2092129100529	3.16849862433862	8.7365144973545
64.83333	-147.66667	136	1992-06-08	160	1992	8	6	1	"e14"	16.805582010582	3.44973443869241	7.7060582010582	2.8167291200248	12.8858465608466	2.96159420968946	366.64	18.304742010582	9.2052182010582	14.3850065608466
64.83333	-147.66667	136	1994-03-26	85	1994	26	3	1	"f14"	-7.00084656084656	5.95779936610313	-17.3666666666667	7.07734896942445	-12.255	6.5339232408846	366.64	-5.50168656084656	-15.8675066666667	-10.75584
64.83333	-147.66667	136	1996-01-04	4	1996	4	1	1	"g14"	-18.2293470790378	9.43704314737024	-24.1621649484536	9.18222043916328	-21.1352233676976	9.22802692335749	366.64	-16.7301870790378	-22.6630049484536	-19.6360633676976
64.83333	-147.66667	136	1996-01-07	7	1996	7	1	2	"h14"	-18.0246825396825	9.51087402397974	-23.9775925925926	9.33075785773196	-20.9725661375661	9.3709363622123	366.64	-16.5255225396825	-22.4784325925926	-19.4734061375661
64.83333	-147.66667	136	1996-12-12	347	1996	12	12	1	"i14"	-14.9938888888889	7.60605060404775	-20.9189153439153	7.53415752354776	-17.9616137566138	7.45210253129226	366.64	-13.4947288888889	-19.4197553439153	-16.4624537566138
64.83333	-147.66667	136	1996-12-14	349	1996	14	12	9	"j14"	-14.8274603174603	7.48475355024935	-20.8593915343915	7.55832942260509	-17.8424867724868	7.38704437300806	366.64	-13.3283003174603	-19.3602315343915	-16.3433267724868
64.83333	-147.66667	136	1997-01-01	1	1997	1	1	3	"k14"	-17.9124509803922	9.3446498943423	-23.679068627451	9.05446321182986	-20.774068627451	9.09700094656849	366.64	-16.4132909803922	-22.179908627451	-19.274908627451
64.83333	-147.66667	136	1997-01-04	4	1997	4	1	3	"l14"	-18.2293470790378	9.43704314737024	-24.1621649484536	9.18222043916328	-21.1352233676976	9.22802692335749	366.64	-16.7301870790378	-22.6630049484536	-19.6360633676976
64.83333	-147.66667	136	1997-01-07	7	1997	7	1	2	"m14"	-18.0246825396825	9.51087402397974	-23.9775925925926	9.33075785773196	-20.9725661375661	9.3709363622123	366.64	-16.5255225396825	-22.4784325925926	-19.4734061375661
64.83333	-147.66667	136	1997-04-08	98	1997	8	4	1	"n14"	-3.06134920634921	4.77118617727384	-12.2443915343915	6.37094026557418	-7.35023809523809	5.50494248111173	366.64	-1.56218920634921	-10.7452315343915	-5.85107809523809
64.83333	-147.66667	136	1997-05-08	128	1997	8	5	1	"o14"	8.98727513227513	4.73577027964914	-0.798174603174603	3.76855974447563	4.47277777777778	4.07321332602316	366.64	10.4864351322751	0.700985396825397	5.97193777777778
64.83333	-147.66667	136	1997-12-14	348	1997	14	12	1	"p14"	-14.8286772486772	7.4860958895434	-20.885291005291	7.57432761203975	-17.8691798941799	7.4109442415327	366.64	-13.3295172486772	-19.386131005291	-16.3700198941799
65.96667	16.2	417	1993-03-14	73	1993	14	3	1	"q14"	-4.29121693121693	3.43600928234482	-11.5836243386243	4.97856464530388	-7.80023809523809	4.1941998217481	710.8	-2.38151693121693	-9.67392433862434	-5.8905380952381
65.96667	16.2	417	1994-06-01	152	1994	1	6	2	"r14"	8.53412698412698	4.21728040452108	1.42171957671958	3.30143196255539	5.45777777777778	3.61233472388466	710.8	10.443826984127	3.33141957671958	7.36747777777778
65.96667	16.2	417	1994-06-26	177	1994	26	6	11	"s14"	13.0178571428571	3.72548188693524	5.37671957671958	3.15584100460608	9.6847619047619	3.30383782484378	710.8	14.9275571428571	7.28641957671958	11.5944619047619
65.96667	16.2	417	1994-06-27	178	1994	27	6	7	"t14"	13.1930158730159	3.76795850624541	5.53883597883598	3.16108897725093	9.84534391534392	3.33120015065783	710.8	15.1027158730159	7.44853597883598	11.7550439153439
65.96667	16.2	417	1994-06-28	179	1994	28	6	6	"u14"	13.3674338624339	3.75496177874092	5.7034126984127	3.15737371038021	10.017380952381	3.31476661890086	710.8	15.2771338624339	7.6131126984127	11.927080952381
65.96667	16.2	417	1994-06-29	180	1994	29	6	6	"v14"	13.5156878306878	3.74129060100626	5.80769841269841	3.07524664108406	10.1458465608466	3.2845371911349	710.8	15.4253878306878	7.71739841269841	12.0555465608466
65.96667	16.2	417	1994-07-01	182	1994	1	7	3	"w14"	13.7472751322751	3.68076471605069	5.92854497354497	3.05555644658011	10.3145767195767	3.24517882856662	710.8	15.6569751322751	7.83824497354497	12.2242767195767
65.96667	16.2	417	1994-07-02	183	1994	2	7	4	"x14"	13.7769841269841	3.67846646699667	5.98388888888889	3.05227035703739	10.339417989418	3.24775869337482	710.8	15.6866841269841	7.89358888888889	12.249117989418
65.96667	16.2	417	1994-07-03	184	1994	3	7	6	"y14"	13.8620105820106	3.68831601031286	6.09002645502645	3.07661199676017	10.4284391534392	3.2627219190764	710.8	15.7717105820106	7.99972645502645	12.3381391534392
65.96667	16.2	417	1994-07-04	185	1994	4	7	4	"z14"	13.9879100529101	3.66399647329856	6.17589947089947	3.09900974351447	10.535	3.23746144861985	710.8	15.8976100529101	8.08559947089947	12.4447
65.96667	16.2	417	1994-07-26	207	1994	26	7	2	"a15"	14.9949470899471	3.28411490966724	7.49047619047619	2.71162401752694	11.5925925925926	2.80138060850093	710.8	16.9046470899471	9.40017619047619	13.5022925925926
65.96667	16.3333	580.34036	1994-06-27	178	1994	27	6	2	"b15"	13.1930158730159	3.76795850624541	5.53883597883598	3.16108897725093	9.84534391534392	3.33120015065783	710.8	14.0410035330159	6.38682363883598	10.6933315753439
66.0167	16.2333	665	1994-06-28	179	1994	28	6	2	"c15"	13.3674338624339	3.75496177874092	5.7034126984127	3.15737371038021	10.017380952381	3.31476661890086	710.8	13.6651338624339	6.0011126984127	10.315080952381
68.40288	-149.32277	882.39776	1999-05-26	146	1999	26	5	4	"d15"	3.78899470899471	4.45288295668847	-3.1439417989418	4.4567294293184	0.957354497354497	4.17717708115983	1070.95	5.01458426899471	-1.9183522389418	2.1829440573545
68.40288	-149.32277	882.39776	1999-05-28	148	1999	28	5	2	"e15"	4.52650793650794	4.39643416833331	-2.31044973544974	4.11582165075966	1.72460317460317	3.9859201103298	1070.95	5.75209749650794	-1.08486017544973	2.95019273460318
68.40288	-149.32277	882.39776	1999-05-31	151	1999	31	5	3	"f15"	5.50880952380952	4.57341428340517	-1.28809523809524	3.95631269686332	2.69592592592593	4.06835700449013	1070.95	6.73439908380952	-0.0625056780952375	3.92151548592593
68.40288	-149.32277	882.39776	1999-06-01	152	1999	1	6	1	"g15"	5.78518518518518	4.59932143450783	-1.0087037037037	3.85909036189352	2.95582010582011	4.06089228404529	1070.95	7.01077474518519	0.216885856296297	4.18140966582011
68.40288	-149.32277	882.39776	1999-06-03	154	1999	3	6	3	"h15"	6.5142328042328	4.46081311577623	-0.355343915343915	3.76590772882078	3.62955026455026	3.933902707666	1070.95	7.73982236423281	0.870245644656085	4.85513982455026
68.40288	-149.32277	882.39776	1999-06-04	155	1999	4	6	6	"i15"	6.87822751322751	4.4085184939496	-0.0152380952380952	3.62697527947301	3.96616402116402	3.88328784711225	1070.95	8.10381707322751	1.21035146476191	5.19175358116402
68.45038	-149.37175	821.43597	1998-05-11	131	1998	11	5	1	"j15"	-1.4147619047619	3.92732298879016	-9.76256613756614	5.29561096753594	-4.76457671957672	4.37591387416978	1070.95	0.207079290238096	-8.14072494256614	-3.14273552457672
68.45038	-149.37175	821.43597	1999-05-26	146	1999	26	5	1	"k15"	3.78899470899471	4.45288295668847	-3.1439417989418	4.4567294293184	0.957354497354497	4.17717708115983	1070.95	5.41083590399471	-1.5221006039418	2.5791956923545
68.45038	-149.37175	821.43597	1999-06-01	152	1999	1	6	3	"l15"	5.78518518518518	4.59932143450783	-1.0087037037037	3.85909036189352	2.95582010582011	4.06089228404529	1070.95	7.40702638018518	0.613137491296297	4.57766130082011
68.45038	-149.37175	821.43597	1999-06-13	164	1999	13	6	1	"m15"	9.67015873015873	3.69060517435654	2.66063492063492	3.22560645403884	6.67703703703704	3.41275998571684	1070.95	11.2919999251587	4.28247611563492	8.29887823203704
68.62582	-149.59455	729.99598	1991-06-18	169	1991	18	6	2	"n15"	10.4914814814815	3.56031231693034	3.59230158730159	3.15349332531966	7.55306878306878	3.29112464560705	1070.95	12.7076826114815	5.80850271730159	9.76926991306878
68.62582	-149.59455	729.99598	1991-06-19	170	1991	19	6	1	"o15"	10.6150264550265	3.55665560195478	3.76634920634921	3.14085999217787	7.68992063492064	3.2812123728272	1070.95	12.8312275850265	5.98255033634921	9.90612176492063
68.62582	-149.59455	729.99598	1991-06-20	171	1991	20	6	1	"p15"	10.6605026455026	3.60251717350579	3.87555555555556	3.11876426479234	7.77338624338624	3.31232657445359	1070.95	12.8767037755026	6.09175668555556	9.98958737338624
68.62582	-149.59455	729.99598	1991-06-24	175	1991	24	6	2	"q15"	11.112328042328	3.83277653903845	4.2147619047619	3.32477941613755	8.16592592592593	3.52465432807666	1070.95	13.328529172328	6.4309630347619	10.3821270559259
68.62582	-149.59455	729.99598	1991-06-25	176	1991	25	6	1	"r15"	11.3375396825397	3.98175820964379	4.42291005291005	3.36597036467448	8.37216931216931	3.64815625871045	1070.95	13.5537408125397	6.63911118291005	10.5883704421693
68.62582	-149.59455	729.99598	1992-02-10	41	1992	10	2	2	"s15"	-19.7588624338624	9.24983971627516	-26.073253968254	9.10896120664928	-22.7493650793651	9.09576376280177	1070.95	-17.5426613038624	-23.857052838254	-20.5331639493651
68.62582	-149.59455	729.99598	1992-05-20	141	1992	20	5	1	"t15"	2.00851851851852	4.31781276611325	-5.38822751322751	4.95756307049823	-0.944814814814815	4.37973238921732	1070.95	4.22471964851852	-3.17202638322751	1.27138631518519
68.62582	-149.59455	729.99598	1992-05-23	144	1992	23	5	3	"u15"	3.05378306878307	4.41323055740531	-3.99275132275132	4.63693119117403	0.225608465608466	4.23971300203951	1070.95	5.26998419878307	-1.77655019275132	2.44180959560847
68.62582	-149.59455	729.99598	1992-05-24	145	1992	24	5	2	"v15"	3.41066137566138	4.46356845225882	-3.55555555555556	4.53976662288648	0.586560846560847	4.21589128589485	1070.95	5.62686250566138	-1.33935442555556	2.80276197656085
68.62582	-149.59455	729.99598	1992-05-25	146	1992	25	5	3	"w15"	3.77015873015873	4.42445866264976	-3.15677248677249	4.44338684313617	0.93957671957672	4.15372030754392	1070.95	5.98635986015873	-0.940571356772487	3.15577784957672
68.62582	-149.59455	729.99598	1992-05-26	147	1992	26	5	6	"x15"	4.1718253968254	4.36979578776026	-2.71902116402116	4.2841450149166	1.34687830687831	4.04883069749548	1070.95	6.3880265268254	-0.502820034021164	3.56307943687831
68.62582	-149.59455	729.99598	1992-05-28	149	1992	28	5	2	"y15"	4.88769841269841	4.43715668081826	-1.9047619047619	3.97150067133541	2.09502645502646	3.97027277582002	1070.95	7.10389954269841	0.311439225238095	4.31122758502645
68.62582	-149.59455	729.99598	1992-06-08	160	1992	8	6	2	"z15"	8.71460317460317	4.22327515385107	1.6268253968254	3.51740303529023	5.71473544973545	3.82115298594928	1070.95	10.9308043046032	3.8430265268254	7.93093657973545
68.62582	-149.59455	729.99598	1992-06-09	161	1992	9	6	2	"a16"	9.0328835978836	4.09914500915048	1.99219576719577	3.47664304897059	6.04542328042328	3.73761267309743	1070.95	11.2490847278836	4.20839689719577	8.26162441042328
68.62582	-149.59455	729.99598	1992-06-12	164	1992	12	6	4	"b16"	9.67161375661376	3.69099812383522	2.66259259259259	3.22649379763109	6.67968253968254	3.41383367732015	1070.95	11.8878148866138	4.87879372259259	8.89588366968254
68.62582	-149.59455	729.99598	1992-06-15	167	1992	15	6	2	"c16"	10.1551587301587	3.68779960001317	3.2331746031746	3.23134753180304	7.19	3.42472187102824	1070.95	12.3713598601587	5.4493757331746	9.40620113
68.62582	-149.59455	729.99598	1992-06-22	174	1992	22	6	4	"d16"	10.9123015873016	3.73468568717816	4.0226455026455	3.26597155086821	7.97195767195767	3.43046058392051	1070.95	13.1285027173016	6.2388466326455	10.1881588019577
68.62582	-149.59455	729.99598	1992-06-27	179	1992	27	6	2	"e16"	11.7770899470899	4.20589330092093	4.72275132275132	3.5715875325942	8.77219576719577	3.86042928493203	1070.95	13.9932910770899	6.93895245275132	10.9883968971958
68.62582	-149.59455	729.99598	1993-06-18	169	1993	18	6	1	"f16"	10.4914814814815	3.56031231693034	3.59230158730159	3.15349332531966	7.55306878306878	3.29112464560705	1070.95	12.7076826114815	5.80850271730159	9.76926991306878
68.62582	-149.59455	729.99598	1993-06-19	170	1993	19	6	2	"g16"	10.6150264550265	3.55665560195478	3.76634920634921	3.14085999217787	7.68992063492064	3.2812123728272	1070.95	12.8312275850265	5.98255033634921	9.90612176492063
68.62582	-149.59455	729.99598	1993-06-20	171	1993	20	6	2	"h16"	10.6605026455026	3.60251717350579	3.87555555555556	3.11876426479234	7.77338624338624	3.31232657445359	1070.95	12.8767037755026	6.09175668555556	9.98958737338624
68.62582	-149.59455	729.99598	1993-06-22	173	1993	22	6	2	"i16"	10.7371693121693	3.64911423108713	3.90505291005291	3.19789090348856	7.82865079365079	3.34844934692539	1070.95	12.9533704421693	6.12125404005291	10.0448519236508
68.62582	-149.59455	729.99598	1993-06-25	176	1993	25	6	2	"j16"	11.3375396825397	3.98175820964379	4.42291005291005	3.36597036467448	8.37216931216931	3.64815625871045	1070.95	13.5537408125397	6.63911118291005	10.5883704421693
68.62582	-149.59455	729.99598	1994-03-26	85	1994	26	3	1	"k16"	-14.3982010582011	7.05245943080347	-24.9517724867725	7.29583204884614	-19.762328042328	6.97299785423219	1070.95	-12.1819999282011	-22.7355713567725	-17.546126912328
68.62582	-149.59455	729.99598	1994-05-30	150	1994	30	5	2	"l16"	5.19828042328042	4.52470189890332	-1.59166666666667	3.981389547896	2.39955026455026	4.04431638508484	1070.95	7.41448155328042	0.624534463333333	4.61575139455026
68.62582	-149.59455	729.99598	1995-05-30	150	1995	30	5	1	"m16"	5.19828042328042	4.52470189890332	-1.59166666666667	3.981389547896	2.39955026455026	4.04431638508484	1070.95	7.41448155328042	0.624534463333333	4.61575139455026
68.62582	-149.59455	729.99598	1995-06-20	171	1995	20	6	1	"n16"	10.6605026455026	3.60251717350579	3.87555555555556	3.11876426479234	7.77338624338624	3.31232657445359	1070.95	12.8767037755026	6.09175668555556	9.98958737338624
68.62582	-149.59455	729.99598	1995-06-29	180	1995	29	6	1	"o16"	11.9566137566138	4.2059567666072	4.86653439153439	3.56029726356029	8.94537037037037	3.85556203630256	1070.95	14.1728148866138	7.08273552153439	11.1615715003704
68.62582	-149.59455	729.99598	1998-06-09	160	1998	9	6	1	"p16"	8.72415343915344	4.22700468947327	1.65410052910053	3.51214744747211	5.73148148148148	3.82467493820655	1070.95	10.9403545691534	3.87030165910053	7.94768261148148
68.62582	-149.59455	729.99598	1999-05-22	142	1999	22	5	1	"q16"	2.35785714285714	4.38015550403004	-4.93253968253968	4.87967602359399	-0.547724867724868	4.35383237487442	1070.95	4.57405827285714	-2.71633855253968	1.66847626227513
68.62582	-149.59455	729.99598	1999-05-23	143	1999	23	5	3	"r16"	2.69888888888889	4.40574123063703	-4.48169312169312	4.77762793556821	-0.163306878306878	4.30233776634384	1070.95	4.91509001888889	-2.26549199169312	2.05289425169312
68.62582	-149.59455	729.99598	1999-05-25	145	1999	25	5	4	"s16"	3.42380952380952	4.47530124774325	-3.54931216931217	4.54562658068667	0.598783068783069	4.2270308132994	1070.95	5.64001065380952	-1.33311103931217	2.81498419878307
68.62582	-149.59455	729.99598	1999-05-26	146	1999	26	5	5	"t16"	3.78899470899471	4.45288295668847	-3.1439417989418	4.4567294293184	0.957354497354497	4.17717708115983	1070.95	6.00519583899471	-0.927740668941799	3.1735556273545
68.62582	-149.59455	729.99598	1999-05-28	148	1999	28	5	7	"u16"	4.52650793650794	4.39643416833331	-2.31044973544974	4.11582165075966	1.72460317460317	3.9859201103298	1070.95	6.74270906650794	-0.0942486054497356	3.94080430460317
68.62582	-149.59455	729.99598	1999-05-29	149	1999	29	5	8	"v16"	4.89203703703704	4.44305482272904	-1.9068253968254	3.96924649607721	2.095	3.97024237746375	1070.95	7.10823816703704	0.309375733174603	4.31120113
68.62582	-149.59455	729.99598	1999-05-31	151	1999	31	5	7	"w16"	5.50880952380952	4.57341428340517	-1.28809523809524	3.95631269686332	2.69592592592593	4.06835700449013	1070.95	7.72501065380952	0.928105891904762	4.91212705592593
68.62582	-149.59455	729.99598	1999-06-03	154	1999	3	6	3	"x16"	6.5142328042328	4.46081311577623	-0.355343915343915	3.76590772882078	3.62955026455026	3.933902707666	1070.95	8.7304339342328	1.86085721465608	5.84575139455026
68.62582	-149.59455	729.99598	1999-06-05	156	1999	5	6	1	"y16"	7.29648148148148	4.37183426058713	0.364074074074074	3.53401918227751	4.35224867724868	3.8473685893951	1070.95	9.51268261148148	2.58027520407407	6.56844980724868
68.62582	-149.59455	729.99598	1999-06-07	158	1999	7	6	1	"z16"	8.03134920634921	4.29637772664825	0.992063492063492	3.54569166985917	5.04828042328042	3.83584247410408	1070.95	10.2475503363492	3.20826462206349	7.26448155328042
68.62582	-149.59455	729.99598	1999-06-09	160	1999	9	6	3	"a17"	8.72415343915344	4.22700468947327	1.65410052910053	3.51214744747211	5.73148148148148	3.82467493820655	1070.95	10.9403545691534	3.87030165910053	7.94768261148148
68.62582	-149.59455	729.99598	1999-06-17	168	1999	17	6	1	"b17"	10.3423015873016	3.60909957308364	3.43134920634921	3.18986201272482	7.39489417989418	3.34716224309647	1070.95	12.5585027173016	5.64755033634921	9.61109530989418
68.62582	-149.59455	729.99598	2004-08-07	220	2004	7	8	4	"c17"	9.75833333333333	4.10361419598578	2.70616402116402	3.55016738045675	6.56357142857143	3.69753594866925	1070.95	11.9745344633333	4.92236515116402	8.77977255857143
68.62582	-149.59455	729.99598	2004-08-12	225	2004	12	8	2	"d17"	8.54706349206349	4.28038715138238	1.62396825396825	3.81001341839191	5.36563492063492	3.87041663485619	1070.95	10.7632646220635	3.84016938396825	7.58183605063492
68.62582	-149.59455	729.99598	2004-08-13	226	2004	13	8	1	"e17"	8.31277777777778	4.21876306036555	1.38677248677249	3.79501133607511	5.10730158730159	3.81454373325156	1070.95	10.5289789077778	3.60297361677249	7.32350271730159
68.62582	-149.59455	729.99598	2004-08-15	228	2004	15	8	1	"f17"	7.92029100529101	4.34384166292291	0.938862433862434	3.90632840660929	4.65198412698413	3.90214135999471	1070.95	10.136492135291	3.15506356386243	6.86818525698413
68.62582	-149.59455	729.99598	2004-08-19	232	2004	19	8	1	"g17"	7.13325396825397	4.33305746515518	0.0600793650793651	3.9857725414661	3.78706349206349	3.90002796714321	1070.95	9.34945509825397	2.27628049507936	6.00326462206349
68.62582	-149.59455	729.99598	2004-08-25	238	2004	25	8	2	"h17"	6.00301587301587	4.08945034729405	-1.2476455026455	3.72926088512588	2.48444444444444	3.65889314238738	1070.95	8.21921700301587	0.968555627354497	4.70064557444444
68.62582	-149.59455	729.99598	2004-08-26	239	2004	26	8	3	"i17"	5.8262962962963	4.01968776081787	-1.43917989417989	3.74077640055618	2.30912698412698	3.6180743636005	1070.95	8.0424974262963	0.777021235820106	4.52532811412698
68.62582	-149.59455	729.99598	2004-08-27	240	2004	27	8	4	"j17"	5.59812169312169	3.9887643813832	-1.56645502645503	3.68678515068466	2.12354497354497	3.558792544664	1070.95	7.81432282312169	0.649746103544973	4.33974610354497
68.62582	-149.59455	729.99598	2004-08-28	241	2004	28	8	1	"k17"	5.42738095238095	3.92486486518046	-1.7178835978836	3.65530511119258	1.94748677248677	3.50485775523629	1070.95	7.64358208238095	0.498317532116402	4.16368790248677
68.62582	-149.59455	729.99598	2004-08-29	242	2004	29	8	2	"l17"	5.26333333333333	3.87137711192097	-1.8831746031746	3.65038066779764	1.76952380952381	3.46931593953203	1070.95	7.47953446333333	0.333026526825397	3.98572493952381
68.76478	-148.85213	495.29998	1991-06-18	169	1991	18	6	1	"m17"	13.0743915343915	4.05463127481108	5.31343915343915	3.46407126548548	9.73	3.72527840627302	555.73	13.4671866643915	5.70623428343915	10.12279513
68.76478	-148.85213	495.29998	1999-06-08	159	1999	8	6	1	"n17"	11.1123015873016	4.71675823171976	3.08468253968254	3.79359442379747	7.63047619047619	4.19799343070701	555.73	11.5050967173016	3.47747766968254	8.02327132047619
68.8336	-148.82198	437.38799	1991-06-15	166	1991	15	6	5	"o17"	12.4993386243386	4.1987888030813	4.75925925925926	3.56748683453341	9.14	3.86337018388335	555.73	13.2685616893386	5.52848232425926	9.909223065
69.01848	-148.82888	337.41427	1999-06-10	161	1999	10	6	3	"p17"	11.7712698412698	4.55647281755001	3.78417989417989	3.75609594561935	8.30851851851852	4.1154128265677	555.73	13.1903220862698	5.20323213917989	9.72757076351852
71.323	-156.609	2.1336	1991-06-12	163	1991	12	6	8	"q17"	1.3728835978836	1.78433424334817	-1.50140211640212	1.84820391476496	0.0338359788359788	1.54958532814623	0.54	1.3625251978836	-1.51176051640212	0.0234775788359788
71.323	-156.609	2.1336	1991-06-13	164	1991	13	6	19	"r17"	1.47989417989418	1.84119799813817	-1.36272486772487	1.87158856296867	0.154021164021164	1.60010152846863	0.54	1.46953577989418	-1.37308326772487	0.143662764021164
71.323	-156.609	2.1336	1991-06-14	165	1991	14	6	14	"s17"	1.63743386243386	1.96708189187799	-1.23962962962963	1.8405422077285	0.288121693121693	1.63407447210247	0.54	1.62707546243386	-1.24998802962963	0.277763293121693
71.323	-156.609	2.1336	1991-06-15	166	1991	15	6	1	"t17"	1.75722222222222	1.99478031294311	-1.13018518518519	1.76617728264526	0.383174603174603	1.58712608368306	0.54	1.74686382222222	-1.14054358518519	0.372816203174603
71.323	-156.609	2.1336	1991-06-16	167	1991	16	6	3	"u17"	1.82891534391534	1.95089278024939	-1.04621693121693	1.67567516002974	0.465873015873016	1.51940792069003	0.54	1.81855694391534	-1.05657533121693	0.455514615873016
71.323	-156.609	2.1336	1991-06-17	168	1991	17	6	1	"v17"	1.93216931216931	1.93914514045923	-0.918174603174603	1.62479155200598	0.57489417989418	1.48523452922747	0.54	1.92181091216931	-0.928533003174603	0.56453577989418
71.323	-156.609	2.1336	1991-06-27	178	1991	27	6	1	"w17"	2.47611111111111	2.24263603855255	-0.247989417989418	1.47811414005425	1.16007936507937	1.60669495983205	0.54	2.46575271111111	-0.258347817989418	1.14972096507936
71.323	-156.609	2.1336	1991-09-26	269	1991	26	9	1	"x17"	-0.347804232804233	2.473366930357	-2.0342328042328	2.88995352431733	-1.16002645502645	2.59538332200808	0.54	-0.358162632804233	-2.0445912042328	-1.17038485502646
71.323	-156.609	2.1336	1991-09-27	270	1991	27	9	3	"y17"	-0.503492063492064	2.47314445111161	-2.21939153439153	2.93621201688466	-1.33224867724868	2.62719474429813	0.54	-0.513850463492064	-2.22974993439153	-1.34260707724868
71.323	-156.609	2.1336	1999-05-28	148	1999	28	5	1	"z17"	-0.975502645502646	2.60767290308601	-4.0068253968254	2.83783493821287	-2.34431216931217	2.57899136780954	0.54	-0.985861045502646	-4.0171837968254	-2.35467056931217
71.323	-156.609	2.1336	1999-05-29	149	1999	29	5	2	"a18"	-0.76994708994709	2.48028844419835	-3.77584656084656	2.73444488040629	-2.1244708994709	2.45700856706288	0.54	-0.78030548994709	-3.78620496084656	-2.1348292994709
71.323	-156.609	2.1336	1999-05-31	151	1999	31	5	3	"b18"	-0.386322751322751	2.19265629189533	-3.32693121693122	2.57822592358161	-1.7097619047619	2.20906060340733	0.54	-0.396681151322751	-3.33728961693122	-1.7201203047619
76.53333	-67.16667	37.3	1997-06-18	169	1997	18	6	2	"c18"	-0.571878306878307	2.01457854186226	-3.86134920634921	2.17153712986416	-2.04809523809524	1.98421036988689	649.22	3.40560169312169	0.116130793650794	1.92938476190476
76.53333	-67.16667	37.3	1997-06-27	178	1997	27	6	1	"d18"	0.403677248677249	1.96008768589675	-2.52010582010582	2.3231500131217	-0.909920634920635	2.02540986952594	649.22	4.38115724867725	1.45737417989418	3.06755936507937
76.53333	-67.16667	37.3	1997-06-29	180	1997	29	6	5	"e18"	0.638677248677249	1.89944508064544	-2.19674603174603	2.28432026910145	-0.635767195767196	1.96990879396325	649.22	4.61615724867725	1.78073396825397	3.3417128042328
76.53333	-67.16667	37.3	1997-07-18	199	1997	18	7	5	"f18"	1.42510582010582	1.65097499187167	-0.993756613756614	2.16084106918635	0.326957671957672	1.74671787810273	649.22	5.40258582010582	2.98372338624339	4.30443767195767
76.53333	-67.16667	37.3	1997-07-19	200	1997	19	7	11	"g18"	1.42873015873016	1.65113496089449	-0.98462962962963	2.15498435139785	0.338756613756614	1.74453745065371	649.22	5.40621015873016	2.99285037037037	4.31623661375661
76.53333	-67.16667	37.3	1997-07-21	202	1997	21	7	2	"h18"	1.41798941798942	1.59658162018553	-0.948730158730159	2.09282441525641	0.350555555555556	1.6845681099512	649.22	5.39546941798942	3.02874984126984	4.32803555555556
76.53333	-67.16667	37.3	1997-07-25	206	1997	25	7	5	"i18"	1.29100529100529	1.60066416751305	-0.992804232804233	2.10269753959192	0.261058201058201	1.72354284491225	649.22	5.26848529100529	2.98467576719577	4.2385382010582
76.53333	-67.16667	37.3	1997-07-26	207	1997	26	7	19	"j18"	1.24931216931217	1.61565666997544	-1.05497354497354	2.11828996753659	0.205899470899471	1.7396485392932	649.22	5.22679216931217	2.92250645502646	4.18337947089947
76.53333	-67.16667	37.3	1997-07-27	208	1997	27	7	9	"k18"	1.20121693121693	1.64217398139684	-1.10880952380952	2.11168692185425	0.162037037037037	1.75559668265592	649.22	5.17869693121693	2.86867047619048	4.13951703703704
76.53333	-67.16667	37.3	1997-07-28	209	1997	28	7	9	"l18"	1.14431216931217	1.65786132337534	-1.19854497354497	2.14803525040071	0.0872222222222222	1.7731497124442	649.22	5.12179216931217	2.77893502645503	4.06470222222222
76.53333	-67.16667	37.3	1997-07-29	210	1997	29	7	1	"m18"	1.07026455026455	1.68624547516266	-1.27637566137566	2.16233622961602	0.0178571428571429	1.78985393079884	649.22	5.04774455026455	2.70110433862434	3.99533714285714
